(kicad_pcb (version 20171130) (host pcbnew "(5.1.5-90-g5c7ac1bb7)-1")

  (general
    (thickness 1.6)
    (drawings 0)
    (tracks 0)
    (zones 0)
    (modules 64)
    (nets 129)
  )

  (page A4)
  (layers
    (0 F.Cu signal)
    (31 B.Cu signal)
    (32 B.Adhes user)
    (33 F.Adhes user)
    (34 B.Paste user)
    (35 F.Paste user)
    (36 B.SilkS user)
    (37 F.SilkS user)
    (38 B.Mask user)
    (39 F.Mask user)
    (40 Dwgs.User user)
    (41 Cmts.User user)
    (42 Eco1.User user)
    (43 Eco2.User user)
    (44 Edge.Cuts user)
    (45 Margin user)
    (46 B.CrtYd user)
    (47 F.CrtYd user)
    (48 B.Fab user hide)
    (49 F.Fab user hide)
  )

  (setup
    (last_trace_width 0.25)
    (trace_clearance 0.2)
    (zone_clearance 0.508)
    (zone_45_only no)
    (trace_min 0.2)
    (via_size 0.8)
    (via_drill 0.4)
    (via_min_size 0.4)
    (via_min_drill 0.3)
    (uvia_size 0.3)
    (uvia_drill 0.1)
    (uvias_allowed no)
    (uvia_min_size 0.2)
    (uvia_min_drill 0.1)
    (edge_width 0.15)
    (segment_width 0.2)
    (pcb_text_width 0.3)
    (pcb_text_size 1.5 1.5)
    (mod_edge_width 0.15)
    (mod_text_size 1 1)
    (mod_text_width 0.15)
    (pad_size 1.524 1.524)
    (pad_drill 0.762)
    (pad_to_mask_clearance 0.051)
    (solder_mask_min_width 0.25)
    (aux_axis_origin 0 0)
    (visible_elements 7FFFFF7F)
    (pcbplotparams
      (layerselection 0x010fc_ffffffff)
      (usegerberextensions false)
      (usegerberattributes false)
      (usegerberadvancedattributes false)
      (creategerberjobfile false)
      (excludeedgelayer true)
      (linewidth 0.100000)
      (plotframeref false)
      (viasonmask false)
      (mode 1)
      (useauxorigin false)
      (hpglpennumber 1)
      (hpglpenspeed 20)
      (hpglpendiameter 15.000000)
      (psnegative false)
      (psa4output false)
      (plotreference true)
      (plotvalue true)
      (plotinvisibletext false)
      (padsonsilk false)
      (subtractmaskfromsilk false)
      (outputformat 1)
      (mirror false)
      (drillshape 1)
      (scaleselection 1)
      (outputdirectory ""))
  )

  (net 0 "")
  (net 1 "Net-(R801-Pad1)")
  (net 2 "Net-(R801-Pad2)")
  (net 3 "Net-(R602-Pad2)")
  (net 4 "Net-(R602-Pad1)")
  (net 5 "Net-(R603-Pad1)")
  (net 6 "Net-(R603-Pad2)")
  (net 7 "Net-(R604-Pad2)")
  (net 8 "Net-(R604-Pad1)")
  (net 9 "Net-(R605-Pad1)")
  (net 10 "Net-(R605-Pad2)")
  (net 11 "Net-(R606-Pad2)")
  (net 12 "Net-(R606-Pad1)")
  (net 13 "Net-(R607-Pad1)")
  (net 14 "Net-(R607-Pad2)")
  (net 15 "Net-(R608-Pad2)")
  (net 16 "Net-(R608-Pad1)")
  (net 17 "Net-(R701-Pad1)")
  (net 18 "Net-(R701-Pad2)")
  (net 19 "Net-(R702-Pad2)")
  (net 20 "Net-(R702-Pad1)")
  (net 21 "Net-(R703-Pad1)")
  (net 22 "Net-(R703-Pad2)")
  (net 23 "Net-(R704-Pad2)")
  (net 24 "Net-(R704-Pad1)")
  (net 25 "Net-(R705-Pad1)")
  (net 26 "Net-(R705-Pad2)")
  (net 27 "Net-(R706-Pad2)")
  (net 28 "Net-(R706-Pad1)")
  (net 29 "Net-(R707-Pad1)")
  (net 30 "Net-(R707-Pad2)")
  (net 31 "Net-(R708-Pad2)")
  (net 32 "Net-(R708-Pad1)")
  (net 33 "Net-(R601-Pad1)")
  (net 34 "Net-(R601-Pad2)")
  (net 35 "Net-(R802-Pad2)")
  (net 36 "Net-(R802-Pad1)")
  (net 37 "Net-(R803-Pad1)")
  (net 38 "Net-(R803-Pad2)")
  (net 39 "Net-(R804-Pad2)")
  (net 40 "Net-(R804-Pad1)")
  (net 41 "Net-(R805-Pad1)")
  (net 42 "Net-(R805-Pad2)")
  (net 43 "Net-(R806-Pad2)")
  (net 44 "Net-(R806-Pad1)")
  (net 45 "Net-(R807-Pad1)")
  (net 46 "Net-(R807-Pad2)")
  (net 47 "Net-(R808-Pad2)")
  (net 48 "Net-(R808-Pad1)")
  (net 49 "Net-(R901-Pad1)")
  (net 50 "Net-(R901-Pad2)")
  (net 51 "Net-(R902-Pad2)")
  (net 52 "Net-(R902-Pad1)")
  (net 53 "Net-(R903-Pad1)")
  (net 54 "Net-(R903-Pad2)")
  (net 55 "Net-(R904-Pad2)")
  (net 56 "Net-(R904-Pad1)")
  (net 57 "Net-(R905-Pad1)")
  (net 58 "Net-(R905-Pad2)")
  (net 59 "Net-(R906-Pad2)")
  (net 60 "Net-(R906-Pad1)")
  (net 61 "Net-(R907-Pad1)")
  (net 62 "Net-(R907-Pad2)")
  (net 63 "Net-(R908-Pad2)")
  (net 64 "Net-(R908-Pad1)")
  (net 65 "Net-(R401-Pad1)")
  (net 66 "Net-(R401-Pad2)")
  (net 67 "Net-(R202-Pad2)")
  (net 68 "Net-(R202-Pad1)")
  (net 69 "Net-(R203-Pad1)")
  (net 70 "Net-(R203-Pad2)")
  (net 71 "Net-(R204-Pad2)")
  (net 72 "Net-(R204-Pad1)")
  (net 73 "Net-(R205-Pad1)")
  (net 74 "Net-(R205-Pad2)")
  (net 75 "Net-(R206-Pad2)")
  (net 76 "Net-(R206-Pad1)")
  (net 77 "Net-(R207-Pad1)")
  (net 78 "Net-(R207-Pad2)")
  (net 79 "Net-(R208-Pad2)")
  (net 80 "Net-(R208-Pad1)")
  (net 81 "Net-(R301-Pad1)")
  (net 82 "Net-(R301-Pad2)")
  (net 83 "Net-(R302-Pad2)")
  (net 84 "Net-(R302-Pad1)")
  (net 85 "Net-(R303-Pad1)")
  (net 86 "Net-(R303-Pad2)")
  (net 87 "Net-(R304-Pad2)")
  (net 88 "Net-(R304-Pad1)")
  (net 89 "Net-(R305-Pad1)")
  (net 90 "Net-(R305-Pad2)")
  (net 91 "Net-(R306-Pad2)")
  (net 92 "Net-(R306-Pad1)")
  (net 93 "Net-(R307-Pad1)")
  (net 94 "Net-(R307-Pad2)")
  (net 95 "Net-(R308-Pad2)")
  (net 96 "Net-(R308-Pad1)")
  (net 97 "Net-(R201-Pad1)")
  (net 98 "Net-(R201-Pad2)")
  (net 99 "Net-(R402-Pad2)")
  (net 100 "Net-(R402-Pad1)")
  (net 101 "Net-(R403-Pad1)")
  (net 102 "Net-(R403-Pad2)")
  (net 103 "Net-(R404-Pad2)")
  (net 104 "Net-(R404-Pad1)")
  (net 105 "Net-(R405-Pad1)")
  (net 106 "Net-(R405-Pad2)")
  (net 107 "Net-(R406-Pad2)")
  (net 108 "Net-(R406-Pad1)")
  (net 109 "Net-(R407-Pad1)")
  (net 110 "Net-(R407-Pad2)")
  (net 111 "Net-(R408-Pad2)")
  (net 112 "Net-(R408-Pad1)")
  (net 113 "Net-(R501-Pad1)")
  (net 114 "Net-(R501-Pad2)")
  (net 115 "Net-(R502-Pad2)")
  (net 116 "Net-(R502-Pad1)")
  (net 117 "Net-(R503-Pad1)")
  (net 118 "Net-(R503-Pad2)")
  (net 119 "Net-(R504-Pad2)")
  (net 120 "Net-(R504-Pad1)")
  (net 121 "Net-(R505-Pad1)")
  (net 122 "Net-(R505-Pad2)")
  (net 123 "Net-(R506-Pad2)")
  (net 124 "Net-(R506-Pad1)")
  (net 125 "Net-(R507-Pad1)")
  (net 126 "Net-(R507-Pad2)")
  (net 127 "Net-(R508-Pad2)")
  (net 128 "Net-(R508-Pad1)")

  (net_class Default "This is the default net class."
    (clearance 0.2)
    (trace_width 0.25)
    (via_dia 0.8)
    (via_drill 0.4)
    (uvia_dia 0.3)
    (uvia_drill 0.1)
    (add_net "Net-(R201-Pad1)")
    (add_net "Net-(R201-Pad2)")
    (add_net "Net-(R202-Pad1)")
    (add_net "Net-(R202-Pad2)")
    (add_net "Net-(R203-Pad1)")
    (add_net "Net-(R203-Pad2)")
    (add_net "Net-(R204-Pad1)")
    (add_net "Net-(R204-Pad2)")
    (add_net "Net-(R205-Pad1)")
    (add_net "Net-(R205-Pad2)")
    (add_net "Net-(R206-Pad1)")
    (add_net "Net-(R206-Pad2)")
    (add_net "Net-(R207-Pad1)")
    (add_net "Net-(R207-Pad2)")
    (add_net "Net-(R208-Pad1)")
    (add_net "Net-(R208-Pad2)")
    (add_net "Net-(R301-Pad1)")
    (add_net "Net-(R301-Pad2)")
    (add_net "Net-(R302-Pad1)")
    (add_net "Net-(R302-Pad2)")
    (add_net "Net-(R303-Pad1)")
    (add_net "Net-(R303-Pad2)")
    (add_net "Net-(R304-Pad1)")
    (add_net "Net-(R304-Pad2)")
    (add_net "Net-(R305-Pad1)")
    (add_net "Net-(R305-Pad2)")
    (add_net "Net-(R306-Pad1)")
    (add_net "Net-(R306-Pad2)")
    (add_net "Net-(R307-Pad1)")
    (add_net "Net-(R307-Pad2)")
    (add_net "Net-(R308-Pad1)")
    (add_net "Net-(R308-Pad2)")
    (add_net "Net-(R401-Pad1)")
    (add_net "Net-(R401-Pad2)")
    (add_net "Net-(R402-Pad1)")
    (add_net "Net-(R402-Pad2)")
    (add_net "Net-(R403-Pad1)")
    (add_net "Net-(R403-Pad2)")
    (add_net "Net-(R404-Pad1)")
    (add_net "Net-(R404-Pad2)")
    (add_net "Net-(R405-Pad1)")
    (add_net "Net-(R405-Pad2)")
    (add_net "Net-(R406-Pad1)")
    (add_net "Net-(R406-Pad2)")
    (add_net "Net-(R407-Pad1)")
    (add_net "Net-(R407-Pad2)")
    (add_net "Net-(R408-Pad1)")
    (add_net "Net-(R408-Pad2)")
    (add_net "Net-(R501-Pad1)")
    (add_net "Net-(R501-Pad2)")
    (add_net "Net-(R502-Pad1)")
    (add_net "Net-(R502-Pad2)")
    (add_net "Net-(R503-Pad1)")
    (add_net "Net-(R503-Pad2)")
    (add_net "Net-(R504-Pad1)")
    (add_net "Net-(R504-Pad2)")
    (add_net "Net-(R505-Pad1)")
    (add_net "Net-(R505-Pad2)")
    (add_net "Net-(R506-Pad1)")
    (add_net "Net-(R506-Pad2)")
    (add_net "Net-(R507-Pad1)")
    (add_net "Net-(R507-Pad2)")
    (add_net "Net-(R508-Pad1)")
    (add_net "Net-(R508-Pad2)")
    (add_net "Net-(R601-Pad1)")
    (add_net "Net-(R601-Pad2)")
    (add_net "Net-(R602-Pad1)")
    (add_net "Net-(R602-Pad2)")
    (add_net "Net-(R603-Pad1)")
    (add_net "Net-(R603-Pad2)")
    (add_net "Net-(R604-Pad1)")
    (add_net "Net-(R604-Pad2)")
    (add_net "Net-(R605-Pad1)")
    (add_net "Net-(R605-Pad2)")
    (add_net "Net-(R606-Pad1)")
    (add_net "Net-(R606-Pad2)")
    (add_net "Net-(R607-Pad1)")
    (add_net "Net-(R607-Pad2)")
    (add_net "Net-(R608-Pad1)")
    (add_net "Net-(R608-Pad2)")
    (add_net "Net-(R701-Pad1)")
    (add_net "Net-(R701-Pad2)")
    (add_net "Net-(R702-Pad1)")
    (add_net "Net-(R702-Pad2)")
    (add_net "Net-(R703-Pad1)")
    (add_net "Net-(R703-Pad2)")
    (add_net "Net-(R704-Pad1)")
    (add_net "Net-(R704-Pad2)")
    (add_net "Net-(R705-Pad1)")
    (add_net "Net-(R705-Pad2)")
    (add_net "Net-(R706-Pad1)")
    (add_net "Net-(R706-Pad2)")
    (add_net "Net-(R707-Pad1)")
    (add_net "Net-(R707-Pad2)")
    (add_net "Net-(R708-Pad1)")
    (add_net "Net-(R708-Pad2)")
    (add_net "Net-(R801-Pad1)")
    (add_net "Net-(R801-Pad2)")
    (add_net "Net-(R802-Pad1)")
    (add_net "Net-(R802-Pad2)")
    (add_net "Net-(R803-Pad1)")
    (add_net "Net-(R803-Pad2)")
    (add_net "Net-(R804-Pad1)")
    (add_net "Net-(R804-Pad2)")
    (add_net "Net-(R805-Pad1)")
    (add_net "Net-(R805-Pad2)")
    (add_net "Net-(R806-Pad1)")
    (add_net "Net-(R806-Pad2)")
    (add_net "Net-(R807-Pad1)")
    (add_net "Net-(R807-Pad2)")
    (add_net "Net-(R808-Pad1)")
    (add_net "Net-(R808-Pad2)")
    (add_net "Net-(R901-Pad1)")
    (add_net "Net-(R901-Pad2)")
    (add_net "Net-(R902-Pad1)")
    (add_net "Net-(R902-Pad2)")
    (add_net "Net-(R903-Pad1)")
    (add_net "Net-(R903-Pad2)")
    (add_net "Net-(R904-Pad1)")
    (add_net "Net-(R904-Pad2)")
    (add_net "Net-(R905-Pad1)")
    (add_net "Net-(R905-Pad2)")
    (add_net "Net-(R906-Pad1)")
    (add_net "Net-(R906-Pad2)")
    (add_net "Net-(R907-Pad1)")
    (add_net "Net-(R907-Pad2)")
    (add_net "Net-(R908-Pad1)")
    (add_net "Net-(R908-Pad2)")
  )

  (module Passives:R1206M (layer F.Cu) (tedit 5A956603) (tstamp 5C6977F7)
    (at 69.160001 72.350001)
    (descr "Capacitor SMD 1206, reflow soldering, AVX (see smccp.pdf)")
    (tags "capacitor 1206")
    (path /5C66F732/5C66F921)
    (attr smd)
    (fp_text reference R508 (at 0 -1.75) (layer F.SilkS)
      (effects (font (size 1 1) (thickness 0.15)))
    )
    (fp_text value 1k (at 0 2) (layer F.Fab) hide
      (effects (font (size 1 1) (thickness 0.15)))
    )
    (fp_line (start 2.25 1.05) (end -2.25 1.05) (layer F.CrtYd) (width 0.05))
    (fp_line (start 2.25 1.05) (end 2.25 -1.05) (layer F.CrtYd) (width 0.05))
    (fp_line (start -2.25 -1.05) (end -2.25 1.05) (layer F.CrtYd) (width 0.05))
    (fp_line (start -2.25 -1.05) (end 2.25 -1.05) (layer F.CrtYd) (width 0.05))
    (fp_line (start -1 1.02) (end 1 1.02) (layer F.SilkS) (width 0.12))
    (fp_line (start 1 -1.02) (end -1 -1.02) (layer F.SilkS) (width 0.12))
    (fp_line (start -1.6 -0.8) (end 1.6 -0.8) (layer F.Fab) (width 0.1))
    (fp_line (start 1.6 -0.8) (end 1.6 0.8) (layer F.Fab) (width 0.1))
    (fp_line (start 1.6 0.8) (end -1.6 0.8) (layer F.Fab) (width 0.1))
    (fp_line (start -1.6 0.8) (end -1.6 -0.8) (layer F.Fab) (width 0.1))
    (fp_text user %R (at 0 0) (layer F.Fab)
      (effects (font (size 0.5 0.5) (thickness 0.07)))
    )
    (pad 2 smd rect (at 1.5 0) (size 1 1.6) (layers F.Cu F.Paste F.Mask)
      (net 127 "Net-(R508-Pad2)"))
    (pad 1 smd rect (at -1.5 0) (size 1 1.6) (layers F.Cu F.Paste F.Mask)
      (net 128 "Net-(R508-Pad1)"))
    (model ${KISYS3DMOD}/Resistor_SMD.3dshapes/R_1206_3216Metric.wrl
      (at (xyz 0 0 0))
      (scale (xyz 1 1 1))
      (rotate (xyz 0 0 0))
    )
  )

  (module Passives:R1206M (layer F.Cu) (tedit 5A956603) (tstamp 5C6977E6)
    (at 64.610001 74.510001)
    (descr "Capacitor SMD 1206, reflow soldering, AVX (see smccp.pdf)")
    (tags "capacitor 1206")
    (path /5C66F732/5C66F8FB)
    (attr smd)
    (fp_text reference R507 (at 0 -1.75) (layer F.SilkS)
      (effects (font (size 1 1) (thickness 0.15)))
    )
    (fp_text value 1k (at 0 2) (layer F.Fab) hide
      (effects (font (size 1 1) (thickness 0.15)))
    )
    (fp_text user %R (at 0 0) (layer F.Fab)
      (effects (font (size 0.5 0.5) (thickness 0.07)))
    )
    (fp_line (start -1.6 0.8) (end -1.6 -0.8) (layer F.Fab) (width 0.1))
    (fp_line (start 1.6 0.8) (end -1.6 0.8) (layer F.Fab) (width 0.1))
    (fp_line (start 1.6 -0.8) (end 1.6 0.8) (layer F.Fab) (width 0.1))
    (fp_line (start -1.6 -0.8) (end 1.6 -0.8) (layer F.Fab) (width 0.1))
    (fp_line (start 1 -1.02) (end -1 -1.02) (layer F.SilkS) (width 0.12))
    (fp_line (start -1 1.02) (end 1 1.02) (layer F.SilkS) (width 0.12))
    (fp_line (start -2.25 -1.05) (end 2.25 -1.05) (layer F.CrtYd) (width 0.05))
    (fp_line (start -2.25 -1.05) (end -2.25 1.05) (layer F.CrtYd) (width 0.05))
    (fp_line (start 2.25 1.05) (end 2.25 -1.05) (layer F.CrtYd) (width 0.05))
    (fp_line (start 2.25 1.05) (end -2.25 1.05) (layer F.CrtYd) (width 0.05))
    (pad 1 smd rect (at -1.5 0) (size 1 1.6) (layers F.Cu F.Paste F.Mask)
      (net 125 "Net-(R507-Pad1)"))
    (pad 2 smd rect (at 1.5 0) (size 1 1.6) (layers F.Cu F.Paste F.Mask)
      (net 126 "Net-(R507-Pad2)"))
    (model ${KISYS3DMOD}/Resistor_SMD.3dshapes/R_1206_3216Metric.wrl
      (at (xyz 0 0 0))
      (scale (xyz 1 1 1))
      (rotate (xyz 0 0 0))
    )
  )

  (module Passives:R1206M (layer F.Cu) (tedit 5A956603) (tstamp 5C6977D5)
    (at 69.160001 70.190001)
    (descr "Capacitor SMD 1206, reflow soldering, AVX (see smccp.pdf)")
    (tags "capacitor 1206")
    (path /5C66F732/5C66F8D7)
    (attr smd)
    (fp_text reference R506 (at 0 -1.75) (layer F.SilkS)
      (effects (font (size 1 1) (thickness 0.15)))
    )
    (fp_text value 1k (at 0 2) (layer F.Fab) hide
      (effects (font (size 1 1) (thickness 0.15)))
    )
    (fp_line (start 2.25 1.05) (end -2.25 1.05) (layer F.CrtYd) (width 0.05))
    (fp_line (start 2.25 1.05) (end 2.25 -1.05) (layer F.CrtYd) (width 0.05))
    (fp_line (start -2.25 -1.05) (end -2.25 1.05) (layer F.CrtYd) (width 0.05))
    (fp_line (start -2.25 -1.05) (end 2.25 -1.05) (layer F.CrtYd) (width 0.05))
    (fp_line (start -1 1.02) (end 1 1.02) (layer F.SilkS) (width 0.12))
    (fp_line (start 1 -1.02) (end -1 -1.02) (layer F.SilkS) (width 0.12))
    (fp_line (start -1.6 -0.8) (end 1.6 -0.8) (layer F.Fab) (width 0.1))
    (fp_line (start 1.6 -0.8) (end 1.6 0.8) (layer F.Fab) (width 0.1))
    (fp_line (start 1.6 0.8) (end -1.6 0.8) (layer F.Fab) (width 0.1))
    (fp_line (start -1.6 0.8) (end -1.6 -0.8) (layer F.Fab) (width 0.1))
    (fp_text user %R (at 0 0) (layer F.Fab)
      (effects (font (size 0.5 0.5) (thickness 0.07)))
    )
    (pad 2 smd rect (at 1.5 0) (size 1 1.6) (layers F.Cu F.Paste F.Mask)
      (net 123 "Net-(R506-Pad2)"))
    (pad 1 smd rect (at -1.5 0) (size 1 1.6) (layers F.Cu F.Paste F.Mask)
      (net 124 "Net-(R506-Pad1)"))
    (model ${KISYS3DMOD}/Resistor_SMD.3dshapes/R_1206_3216Metric.wrl
      (at (xyz 0 0 0))
      (scale (xyz 1 1 1))
      (rotate (xyz 0 0 0))
    )
  )

  (module Passives:R1206M (layer F.Cu) (tedit 5A956603) (tstamp 5C6977C4)
    (at 64.610001 72.350001)
    (descr "Capacitor SMD 1206, reflow soldering, AVX (see smccp.pdf)")
    (tags "capacitor 1206")
    (path /5C66F732/5C66F897)
    (attr smd)
    (fp_text reference R505 (at 0 -1.75) (layer F.SilkS)
      (effects (font (size 1 1) (thickness 0.15)))
    )
    (fp_text value 1k (at 0 2) (layer F.Fab) hide
      (effects (font (size 1 1) (thickness 0.15)))
    )
    (fp_text user %R (at 0 0) (layer F.Fab)
      (effects (font (size 0.5 0.5) (thickness 0.07)))
    )
    (fp_line (start -1.6 0.8) (end -1.6 -0.8) (layer F.Fab) (width 0.1))
    (fp_line (start 1.6 0.8) (end -1.6 0.8) (layer F.Fab) (width 0.1))
    (fp_line (start 1.6 -0.8) (end 1.6 0.8) (layer F.Fab) (width 0.1))
    (fp_line (start -1.6 -0.8) (end 1.6 -0.8) (layer F.Fab) (width 0.1))
    (fp_line (start 1 -1.02) (end -1 -1.02) (layer F.SilkS) (width 0.12))
    (fp_line (start -1 1.02) (end 1 1.02) (layer F.SilkS) (width 0.12))
    (fp_line (start -2.25 -1.05) (end 2.25 -1.05) (layer F.CrtYd) (width 0.05))
    (fp_line (start -2.25 -1.05) (end -2.25 1.05) (layer F.CrtYd) (width 0.05))
    (fp_line (start 2.25 1.05) (end 2.25 -1.05) (layer F.CrtYd) (width 0.05))
    (fp_line (start 2.25 1.05) (end -2.25 1.05) (layer F.CrtYd) (width 0.05))
    (pad 1 smd rect (at -1.5 0) (size 1 1.6) (layers F.Cu F.Paste F.Mask)
      (net 121 "Net-(R505-Pad1)"))
    (pad 2 smd rect (at 1.5 0) (size 1 1.6) (layers F.Cu F.Paste F.Mask)
      (net 122 "Net-(R505-Pad2)"))
    (model ${KISYS3DMOD}/Resistor_SMD.3dshapes/R_1206_3216Metric.wrl
      (at (xyz 0 0 0))
      (scale (xyz 1 1 1))
      (rotate (xyz 0 0 0))
    )
  )

  (module Passives:R1206M (layer F.Cu) (tedit 5A956603) (tstamp 5C6977B3)
    (at 60.060001 74.510001)
    (descr "Capacitor SMD 1206, reflow soldering, AVX (see smccp.pdf)")
    (tags "capacitor 1206")
    (path /5C66F732/5C66F87B)
    (attr smd)
    (fp_text reference R504 (at 0 -1.75) (layer F.SilkS)
      (effects (font (size 1 1) (thickness 0.15)))
    )
    (fp_text value 1k (at 0 2) (layer F.Fab) hide
      (effects (font (size 1 1) (thickness 0.15)))
    )
    (fp_line (start 2.25 1.05) (end -2.25 1.05) (layer F.CrtYd) (width 0.05))
    (fp_line (start 2.25 1.05) (end 2.25 -1.05) (layer F.CrtYd) (width 0.05))
    (fp_line (start -2.25 -1.05) (end -2.25 1.05) (layer F.CrtYd) (width 0.05))
    (fp_line (start -2.25 -1.05) (end 2.25 -1.05) (layer F.CrtYd) (width 0.05))
    (fp_line (start -1 1.02) (end 1 1.02) (layer F.SilkS) (width 0.12))
    (fp_line (start 1 -1.02) (end -1 -1.02) (layer F.SilkS) (width 0.12))
    (fp_line (start -1.6 -0.8) (end 1.6 -0.8) (layer F.Fab) (width 0.1))
    (fp_line (start 1.6 -0.8) (end 1.6 0.8) (layer F.Fab) (width 0.1))
    (fp_line (start 1.6 0.8) (end -1.6 0.8) (layer F.Fab) (width 0.1))
    (fp_line (start -1.6 0.8) (end -1.6 -0.8) (layer F.Fab) (width 0.1))
    (fp_text user %R (at 0 0) (layer F.Fab)
      (effects (font (size 0.5 0.5) (thickness 0.07)))
    )
    (pad 2 smd rect (at 1.5 0) (size 1 1.6) (layers F.Cu F.Paste F.Mask)
      (net 119 "Net-(R504-Pad2)"))
    (pad 1 smd rect (at -1.5 0) (size 1 1.6) (layers F.Cu F.Paste F.Mask)
      (net 120 "Net-(R504-Pad1)"))
    (model ${KISYS3DMOD}/Resistor_SMD.3dshapes/R_1206_3216Metric.wrl
      (at (xyz 0 0 0))
      (scale (xyz 1 1 1))
      (rotate (xyz 0 0 0))
    )
  )

  (module Passives:R1206M (layer F.Cu) (tedit 5A956603) (tstamp 5C6977A2)
    (at 64.610001 70.190001)
    (descr "Capacitor SMD 1206, reflow soldering, AVX (see smccp.pdf)")
    (tags "capacitor 1206")
    (path /5C66F732/5C66F85D)
    (attr smd)
    (fp_text reference R503 (at 0 -1.75) (layer F.SilkS)
      (effects (font (size 1 1) (thickness 0.15)))
    )
    (fp_text value 1k (at 0 2) (layer F.Fab) hide
      (effects (font (size 1 1) (thickness 0.15)))
    )
    (fp_text user %R (at 0 0) (layer F.Fab)
      (effects (font (size 0.5 0.5) (thickness 0.07)))
    )
    (fp_line (start -1.6 0.8) (end -1.6 -0.8) (layer F.Fab) (width 0.1))
    (fp_line (start 1.6 0.8) (end -1.6 0.8) (layer F.Fab) (width 0.1))
    (fp_line (start 1.6 -0.8) (end 1.6 0.8) (layer F.Fab) (width 0.1))
    (fp_line (start -1.6 -0.8) (end 1.6 -0.8) (layer F.Fab) (width 0.1))
    (fp_line (start 1 -1.02) (end -1 -1.02) (layer F.SilkS) (width 0.12))
    (fp_line (start -1 1.02) (end 1 1.02) (layer F.SilkS) (width 0.12))
    (fp_line (start -2.25 -1.05) (end 2.25 -1.05) (layer F.CrtYd) (width 0.05))
    (fp_line (start -2.25 -1.05) (end -2.25 1.05) (layer F.CrtYd) (width 0.05))
    (fp_line (start 2.25 1.05) (end 2.25 -1.05) (layer F.CrtYd) (width 0.05))
    (fp_line (start 2.25 1.05) (end -2.25 1.05) (layer F.CrtYd) (width 0.05))
    (pad 1 smd rect (at -1.5 0) (size 1 1.6) (layers F.Cu F.Paste F.Mask)
      (net 117 "Net-(R503-Pad1)"))
    (pad 2 smd rect (at 1.5 0) (size 1 1.6) (layers F.Cu F.Paste F.Mask)
      (net 118 "Net-(R503-Pad2)"))
    (model ${KISYS3DMOD}/Resistor_SMD.3dshapes/R_1206_3216Metric.wrl
      (at (xyz 0 0 0))
      (scale (xyz 1 1 1))
      (rotate (xyz 0 0 0))
    )
  )

  (module Passives:R1206M (layer F.Cu) (tedit 5A956603) (tstamp 5C697791)
    (at 60.060001 72.350001)
    (descr "Capacitor SMD 1206, reflow soldering, AVX (see smccp.pdf)")
    (tags "capacitor 1206")
    (path /5C66F732/5C66F845)
    (attr smd)
    (fp_text reference R502 (at 0 -1.75) (layer F.SilkS)
      (effects (font (size 1 1) (thickness 0.15)))
    )
    (fp_text value 1k (at 0 2) (layer F.Fab) hide
      (effects (font (size 1 1) (thickness 0.15)))
    )
    (fp_line (start 2.25 1.05) (end -2.25 1.05) (layer F.CrtYd) (width 0.05))
    (fp_line (start 2.25 1.05) (end 2.25 -1.05) (layer F.CrtYd) (width 0.05))
    (fp_line (start -2.25 -1.05) (end -2.25 1.05) (layer F.CrtYd) (width 0.05))
    (fp_line (start -2.25 -1.05) (end 2.25 -1.05) (layer F.CrtYd) (width 0.05))
    (fp_line (start -1 1.02) (end 1 1.02) (layer F.SilkS) (width 0.12))
    (fp_line (start 1 -1.02) (end -1 -1.02) (layer F.SilkS) (width 0.12))
    (fp_line (start -1.6 -0.8) (end 1.6 -0.8) (layer F.Fab) (width 0.1))
    (fp_line (start 1.6 -0.8) (end 1.6 0.8) (layer F.Fab) (width 0.1))
    (fp_line (start 1.6 0.8) (end -1.6 0.8) (layer F.Fab) (width 0.1))
    (fp_line (start -1.6 0.8) (end -1.6 -0.8) (layer F.Fab) (width 0.1))
    (fp_text user %R (at 0 0) (layer F.Fab)
      (effects (font (size 0.5 0.5) (thickness 0.07)))
    )
    (pad 2 smd rect (at 1.5 0) (size 1 1.6) (layers F.Cu F.Paste F.Mask)
      (net 115 "Net-(R502-Pad2)"))
    (pad 1 smd rect (at -1.5 0) (size 1 1.6) (layers F.Cu F.Paste F.Mask)
      (net 116 "Net-(R502-Pad1)"))
    (model ${KISYS3DMOD}/Resistor_SMD.3dshapes/R_1206_3216Metric.wrl
      (at (xyz 0 0 0))
      (scale (xyz 1 1 1))
      (rotate (xyz 0 0 0))
    )
  )

  (module Passives:R1206M (layer F.Cu) (tedit 5A956603) (tstamp 5C697780)
    (at 85 31.339745 330)
    (descr "Capacitor SMD 1206, reflow soldering, AVX (see smccp.pdf)")
    (tags "capacitor 1206")
    (path /5C66F732/5C66F7B3)
    (attr smd)
    (fp_text reference R501 (at 0 -1.75 330) (layer F.SilkS)
      (effects (font (size 1 1) (thickness 0.15)))
    )
    (fp_text value 1k (at 0 2 330) (layer F.Fab) hide
      (effects (font (size 1 1) (thickness 0.15)))
    )
    (fp_text user %R (at 0 0 330) (layer F.Fab)
      (effects (font (size 0.5 0.5) (thickness 0.07)))
    )
    (fp_line (start -1.6 0.8) (end -1.6 -0.8) (layer F.Fab) (width 0.1))
    (fp_line (start 1.6 0.8) (end -1.6 0.8) (layer F.Fab) (width 0.1))
    (fp_line (start 1.6 -0.8) (end 1.6 0.8) (layer F.Fab) (width 0.1))
    (fp_line (start -1.6 -0.8) (end 1.6 -0.8) (layer F.Fab) (width 0.1))
    (fp_line (start 1 -1.02) (end -1 -1.02) (layer F.SilkS) (width 0.12))
    (fp_line (start -1 1.02) (end 1 1.02) (layer F.SilkS) (width 0.12))
    (fp_line (start -2.25 -1.05) (end 2.25 -1.05) (layer F.CrtYd) (width 0.05))
    (fp_line (start -2.25 -1.05) (end -2.25 1.05) (layer F.CrtYd) (width 0.05))
    (fp_line (start 2.25 1.05) (end 2.25 -1.05) (layer F.CrtYd) (width 0.05))
    (fp_line (start 2.25 1.05) (end -2.25 1.05) (layer F.CrtYd) (width 0.05))
    (pad 1 smd rect (at -1.5 0 330) (size 1 1.6) (layers F.Cu F.Paste F.Mask)
      (net 113 "Net-(R501-Pad1)"))
    (pad 2 smd rect (at 1.5 0 330) (size 1 1.6) (layers F.Cu F.Paste F.Mask)
      (net 114 "Net-(R501-Pad2)"))
    (model ${KISYS3DMOD}/Resistor_SMD.3dshapes/R_1206_3216Metric.wrl
      (at (xyz 0 0 0))
      (scale (xyz 1 1 1))
      (rotate (xyz 0 0 0))
    )
  )

  (module Passives:R1206M (layer F.Cu) (tedit 5A956603) (tstamp 5C69776F)
    (at 86.480001 50.230001)
    (descr "Capacitor SMD 1206, reflow soldering, AVX (see smccp.pdf)")
    (tags "capacitor 1206")
    (path /5C66F730/5C66F921)
    (attr smd)
    (fp_text reference R408 (at 0 -1.75) (layer F.SilkS)
      (effects (font (size 1 1) (thickness 0.15)))
    )
    (fp_text value 1k (at 0 2) (layer F.Fab) hide
      (effects (font (size 1 1) (thickness 0.15)))
    )
    (fp_line (start 2.25 1.05) (end -2.25 1.05) (layer F.CrtYd) (width 0.05))
    (fp_line (start 2.25 1.05) (end 2.25 -1.05) (layer F.CrtYd) (width 0.05))
    (fp_line (start -2.25 -1.05) (end -2.25 1.05) (layer F.CrtYd) (width 0.05))
    (fp_line (start -2.25 -1.05) (end 2.25 -1.05) (layer F.CrtYd) (width 0.05))
    (fp_line (start -1 1.02) (end 1 1.02) (layer F.SilkS) (width 0.12))
    (fp_line (start 1 -1.02) (end -1 -1.02) (layer F.SilkS) (width 0.12))
    (fp_line (start -1.6 -0.8) (end 1.6 -0.8) (layer F.Fab) (width 0.1))
    (fp_line (start 1.6 -0.8) (end 1.6 0.8) (layer F.Fab) (width 0.1))
    (fp_line (start 1.6 0.8) (end -1.6 0.8) (layer F.Fab) (width 0.1))
    (fp_line (start -1.6 0.8) (end -1.6 -0.8) (layer F.Fab) (width 0.1))
    (fp_text user %R (at 0 0) (layer F.Fab)
      (effects (font (size 0.5 0.5) (thickness 0.07)))
    )
    (pad 2 smd rect (at 1.5 0) (size 1 1.6) (layers F.Cu F.Paste F.Mask)
      (net 111 "Net-(R408-Pad2)"))
    (pad 1 smd rect (at -1.5 0) (size 1 1.6) (layers F.Cu F.Paste F.Mask)
      (net 112 "Net-(R408-Pad1)"))
    (model ${KISYS3DMOD}/Resistor_SMD.3dshapes/R_1206_3216Metric.wrl
      (at (xyz 0 0 0))
      (scale (xyz 1 1 1))
      (rotate (xyz 0 0 0))
    )
  )

  (module Passives:R1206M (layer F.Cu) (tedit 5A956603) (tstamp 5C69775E)
    (at 81.930001 52.390001)
    (descr "Capacitor SMD 1206, reflow soldering, AVX (see smccp.pdf)")
    (tags "capacitor 1206")
    (path /5C66F730/5C66F8FB)
    (attr smd)
    (fp_text reference R407 (at 0 -1.75) (layer F.SilkS)
      (effects (font (size 1 1) (thickness 0.15)))
    )
    (fp_text value 1k (at 0 2) (layer F.Fab) hide
      (effects (font (size 1 1) (thickness 0.15)))
    )
    (fp_text user %R (at 0 0) (layer F.Fab)
      (effects (font (size 0.5 0.5) (thickness 0.07)))
    )
    (fp_line (start -1.6 0.8) (end -1.6 -0.8) (layer F.Fab) (width 0.1))
    (fp_line (start 1.6 0.8) (end -1.6 0.8) (layer F.Fab) (width 0.1))
    (fp_line (start 1.6 -0.8) (end 1.6 0.8) (layer F.Fab) (width 0.1))
    (fp_line (start -1.6 -0.8) (end 1.6 -0.8) (layer F.Fab) (width 0.1))
    (fp_line (start 1 -1.02) (end -1 -1.02) (layer F.SilkS) (width 0.12))
    (fp_line (start -1 1.02) (end 1 1.02) (layer F.SilkS) (width 0.12))
    (fp_line (start -2.25 -1.05) (end 2.25 -1.05) (layer F.CrtYd) (width 0.05))
    (fp_line (start -2.25 -1.05) (end -2.25 1.05) (layer F.CrtYd) (width 0.05))
    (fp_line (start 2.25 1.05) (end 2.25 -1.05) (layer F.CrtYd) (width 0.05))
    (fp_line (start 2.25 1.05) (end -2.25 1.05) (layer F.CrtYd) (width 0.05))
    (pad 1 smd rect (at -1.5 0) (size 1 1.6) (layers F.Cu F.Paste F.Mask)
      (net 109 "Net-(R407-Pad1)"))
    (pad 2 smd rect (at 1.5 0) (size 1 1.6) (layers F.Cu F.Paste F.Mask)
      (net 110 "Net-(R407-Pad2)"))
    (model ${KISYS3DMOD}/Resistor_SMD.3dshapes/R_1206_3216Metric.wrl
      (at (xyz 0 0 0))
      (scale (xyz 1 1 1))
      (rotate (xyz 0 0 0))
    )
  )

  (module Passives:R1206M (layer F.Cu) (tedit 5A956603) (tstamp 5C69774D)
    (at 86.480001 48.070001)
    (descr "Capacitor SMD 1206, reflow soldering, AVX (see smccp.pdf)")
    (tags "capacitor 1206")
    (path /5C66F730/5C66F8D7)
    (attr smd)
    (fp_text reference R406 (at 0 -1.75) (layer F.SilkS)
      (effects (font (size 1 1) (thickness 0.15)))
    )
    (fp_text value 1k (at 0 2) (layer F.Fab) hide
      (effects (font (size 1 1) (thickness 0.15)))
    )
    (fp_line (start 2.25 1.05) (end -2.25 1.05) (layer F.CrtYd) (width 0.05))
    (fp_line (start 2.25 1.05) (end 2.25 -1.05) (layer F.CrtYd) (width 0.05))
    (fp_line (start -2.25 -1.05) (end -2.25 1.05) (layer F.CrtYd) (width 0.05))
    (fp_line (start -2.25 -1.05) (end 2.25 -1.05) (layer F.CrtYd) (width 0.05))
    (fp_line (start -1 1.02) (end 1 1.02) (layer F.SilkS) (width 0.12))
    (fp_line (start 1 -1.02) (end -1 -1.02) (layer F.SilkS) (width 0.12))
    (fp_line (start -1.6 -0.8) (end 1.6 -0.8) (layer F.Fab) (width 0.1))
    (fp_line (start 1.6 -0.8) (end 1.6 0.8) (layer F.Fab) (width 0.1))
    (fp_line (start 1.6 0.8) (end -1.6 0.8) (layer F.Fab) (width 0.1))
    (fp_line (start -1.6 0.8) (end -1.6 -0.8) (layer F.Fab) (width 0.1))
    (fp_text user %R (at 0 0) (layer F.Fab)
      (effects (font (size 0.5 0.5) (thickness 0.07)))
    )
    (pad 2 smd rect (at 1.5 0) (size 1 1.6) (layers F.Cu F.Paste F.Mask)
      (net 107 "Net-(R406-Pad2)"))
    (pad 1 smd rect (at -1.5 0) (size 1 1.6) (layers F.Cu F.Paste F.Mask)
      (net 108 "Net-(R406-Pad1)"))
    (model ${KISYS3DMOD}/Resistor_SMD.3dshapes/R_1206_3216Metric.wrl
      (at (xyz 0 0 0))
      (scale (xyz 1 1 1))
      (rotate (xyz 0 0 0))
    )
  )

  (module Passives:R1206M (layer F.Cu) (tedit 5A956603) (tstamp 5C69773C)
    (at 81.930001 50.230001)
    (descr "Capacitor SMD 1206, reflow soldering, AVX (see smccp.pdf)")
    (tags "capacitor 1206")
    (path /5C66F730/5C66F897)
    (attr smd)
    (fp_text reference R405 (at 0 -1.75) (layer F.SilkS)
      (effects (font (size 1 1) (thickness 0.15)))
    )
    (fp_text value 1k (at 0 2) (layer F.Fab) hide
      (effects (font (size 1 1) (thickness 0.15)))
    )
    (fp_text user %R (at 0 0) (layer F.Fab)
      (effects (font (size 0.5 0.5) (thickness 0.07)))
    )
    (fp_line (start -1.6 0.8) (end -1.6 -0.8) (layer F.Fab) (width 0.1))
    (fp_line (start 1.6 0.8) (end -1.6 0.8) (layer F.Fab) (width 0.1))
    (fp_line (start 1.6 -0.8) (end 1.6 0.8) (layer F.Fab) (width 0.1))
    (fp_line (start -1.6 -0.8) (end 1.6 -0.8) (layer F.Fab) (width 0.1))
    (fp_line (start 1 -1.02) (end -1 -1.02) (layer F.SilkS) (width 0.12))
    (fp_line (start -1 1.02) (end 1 1.02) (layer F.SilkS) (width 0.12))
    (fp_line (start -2.25 -1.05) (end 2.25 -1.05) (layer F.CrtYd) (width 0.05))
    (fp_line (start -2.25 -1.05) (end -2.25 1.05) (layer F.CrtYd) (width 0.05))
    (fp_line (start 2.25 1.05) (end 2.25 -1.05) (layer F.CrtYd) (width 0.05))
    (fp_line (start 2.25 1.05) (end -2.25 1.05) (layer F.CrtYd) (width 0.05))
    (pad 1 smd rect (at -1.5 0) (size 1 1.6) (layers F.Cu F.Paste F.Mask)
      (net 105 "Net-(R405-Pad1)"))
    (pad 2 smd rect (at 1.5 0) (size 1 1.6) (layers F.Cu F.Paste F.Mask)
      (net 106 "Net-(R405-Pad2)"))
    (model ${KISYS3DMOD}/Resistor_SMD.3dshapes/R_1206_3216Metric.wrl
      (at (xyz 0 0 0))
      (scale (xyz 1 1 1))
      (rotate (xyz 0 0 0))
    )
  )

  (module Passives:R1206M (layer F.Cu) (tedit 5A956603) (tstamp 5C69772B)
    (at 77.380001 52.390001)
    (descr "Capacitor SMD 1206, reflow soldering, AVX (see smccp.pdf)")
    (tags "capacitor 1206")
    (path /5C66F730/5C66F87B)
    (attr smd)
    (fp_text reference R404 (at 0 -1.75) (layer F.SilkS)
      (effects (font (size 1 1) (thickness 0.15)))
    )
    (fp_text value 1k (at 0 2) (layer F.Fab) hide
      (effects (font (size 1 1) (thickness 0.15)))
    )
    (fp_line (start 2.25 1.05) (end -2.25 1.05) (layer F.CrtYd) (width 0.05))
    (fp_line (start 2.25 1.05) (end 2.25 -1.05) (layer F.CrtYd) (width 0.05))
    (fp_line (start -2.25 -1.05) (end -2.25 1.05) (layer F.CrtYd) (width 0.05))
    (fp_line (start -2.25 -1.05) (end 2.25 -1.05) (layer F.CrtYd) (width 0.05))
    (fp_line (start -1 1.02) (end 1 1.02) (layer F.SilkS) (width 0.12))
    (fp_line (start 1 -1.02) (end -1 -1.02) (layer F.SilkS) (width 0.12))
    (fp_line (start -1.6 -0.8) (end 1.6 -0.8) (layer F.Fab) (width 0.1))
    (fp_line (start 1.6 -0.8) (end 1.6 0.8) (layer F.Fab) (width 0.1))
    (fp_line (start 1.6 0.8) (end -1.6 0.8) (layer F.Fab) (width 0.1))
    (fp_line (start -1.6 0.8) (end -1.6 -0.8) (layer F.Fab) (width 0.1))
    (fp_text user %R (at 0 0) (layer F.Fab)
      (effects (font (size 0.5 0.5) (thickness 0.07)))
    )
    (pad 2 smd rect (at 1.5 0) (size 1 1.6) (layers F.Cu F.Paste F.Mask)
      (net 103 "Net-(R404-Pad2)"))
    (pad 1 smd rect (at -1.5 0) (size 1 1.6) (layers F.Cu F.Paste F.Mask)
      (net 104 "Net-(R404-Pad1)"))
    (model ${KISYS3DMOD}/Resistor_SMD.3dshapes/R_1206_3216Metric.wrl
      (at (xyz 0 0 0))
      (scale (xyz 1 1 1))
      (rotate (xyz 0 0 0))
    )
  )

  (module Passives:R1206M (layer F.Cu) (tedit 5A956603) (tstamp 5C69771A)
    (at 81.930001 48.070001)
    (descr "Capacitor SMD 1206, reflow soldering, AVX (see smccp.pdf)")
    (tags "capacitor 1206")
    (path /5C66F730/5C66F85D)
    (attr smd)
    (fp_text reference R403 (at 0 -1.75) (layer F.SilkS)
      (effects (font (size 1 1) (thickness 0.15)))
    )
    (fp_text value 1k (at 0 2) (layer F.Fab) hide
      (effects (font (size 1 1) (thickness 0.15)))
    )
    (fp_text user %R (at 0 0) (layer F.Fab)
      (effects (font (size 0.5 0.5) (thickness 0.07)))
    )
    (fp_line (start -1.6 0.8) (end -1.6 -0.8) (layer F.Fab) (width 0.1))
    (fp_line (start 1.6 0.8) (end -1.6 0.8) (layer F.Fab) (width 0.1))
    (fp_line (start 1.6 -0.8) (end 1.6 0.8) (layer F.Fab) (width 0.1))
    (fp_line (start -1.6 -0.8) (end 1.6 -0.8) (layer F.Fab) (width 0.1))
    (fp_line (start 1 -1.02) (end -1 -1.02) (layer F.SilkS) (width 0.12))
    (fp_line (start -1 1.02) (end 1 1.02) (layer F.SilkS) (width 0.12))
    (fp_line (start -2.25 -1.05) (end 2.25 -1.05) (layer F.CrtYd) (width 0.05))
    (fp_line (start -2.25 -1.05) (end -2.25 1.05) (layer F.CrtYd) (width 0.05))
    (fp_line (start 2.25 1.05) (end 2.25 -1.05) (layer F.CrtYd) (width 0.05))
    (fp_line (start 2.25 1.05) (end -2.25 1.05) (layer F.CrtYd) (width 0.05))
    (pad 1 smd rect (at -1.5 0) (size 1 1.6) (layers F.Cu F.Paste F.Mask)
      (net 101 "Net-(R403-Pad1)"))
    (pad 2 smd rect (at 1.5 0) (size 1 1.6) (layers F.Cu F.Paste F.Mask)
      (net 102 "Net-(R403-Pad2)"))
    (model ${KISYS3DMOD}/Resistor_SMD.3dshapes/R_1206_3216Metric.wrl
      (at (xyz 0 0 0))
      (scale (xyz 1 1 1))
      (rotate (xyz 0 0 0))
    )
  )

  (module Passives:R1206M (layer F.Cu) (tedit 5A956603) (tstamp 5C697709)
    (at 77.380001 50.230001)
    (descr "Capacitor SMD 1206, reflow soldering, AVX (see smccp.pdf)")
    (tags "capacitor 1206")
    (path /5C66F730/5C66F845)
    (attr smd)
    (fp_text reference R402 (at 0 -1.75) (layer F.SilkS)
      (effects (font (size 1 1) (thickness 0.15)))
    )
    (fp_text value 1k (at 0 2) (layer F.Fab) hide
      (effects (font (size 1 1) (thickness 0.15)))
    )
    (fp_line (start 2.25 1.05) (end -2.25 1.05) (layer F.CrtYd) (width 0.05))
    (fp_line (start 2.25 1.05) (end 2.25 -1.05) (layer F.CrtYd) (width 0.05))
    (fp_line (start -2.25 -1.05) (end -2.25 1.05) (layer F.CrtYd) (width 0.05))
    (fp_line (start -2.25 -1.05) (end 2.25 -1.05) (layer F.CrtYd) (width 0.05))
    (fp_line (start -1 1.02) (end 1 1.02) (layer F.SilkS) (width 0.12))
    (fp_line (start 1 -1.02) (end -1 -1.02) (layer F.SilkS) (width 0.12))
    (fp_line (start -1.6 -0.8) (end 1.6 -0.8) (layer F.Fab) (width 0.1))
    (fp_line (start 1.6 -0.8) (end 1.6 0.8) (layer F.Fab) (width 0.1))
    (fp_line (start 1.6 0.8) (end -1.6 0.8) (layer F.Fab) (width 0.1))
    (fp_line (start -1.6 0.8) (end -1.6 -0.8) (layer F.Fab) (width 0.1))
    (fp_text user %R (at 0 0) (layer F.Fab)
      (effects (font (size 0.5 0.5) (thickness 0.07)))
    )
    (pad 2 smd rect (at 1.5 0) (size 1 1.6) (layers F.Cu F.Paste F.Mask)
      (net 99 "Net-(R402-Pad2)"))
    (pad 1 smd rect (at -1.5 0) (size 1 1.6) (layers F.Cu F.Paste F.Mask)
      (net 100 "Net-(R402-Pad1)"))
    (model ${KISYS3DMOD}/Resistor_SMD.3dshapes/R_1206_3216Metric.wrl
      (at (xyz 0 0 0))
      (scale (xyz 1 1 1))
      (rotate (xyz 0 0 0))
    )
  )

  (module Passives:R1206M (layer F.Cu) (tedit 5A956603) (tstamp 5C6976F8)
    (at 71.339745 35 60)
    (descr "Capacitor SMD 1206, reflow soldering, AVX (see smccp.pdf)")
    (tags "capacitor 1206")
    (path /5C66F70D/5C66F7B3)
    (attr smd)
    (fp_text reference R201 (at 0 -1.75 60) (layer F.SilkS)
      (effects (font (size 1 1) (thickness 0.15)))
    )
    (fp_text value 1k (at 0 2 60) (layer F.Fab) hide
      (effects (font (size 1 1) (thickness 0.15)))
    )
    (fp_text user %R (at 0 0 60) (layer F.Fab)
      (effects (font (size 0.5 0.5) (thickness 0.07)))
    )
    (fp_line (start -1.6 0.8) (end -1.6 -0.8) (layer F.Fab) (width 0.1))
    (fp_line (start 1.6 0.8) (end -1.6 0.8) (layer F.Fab) (width 0.1))
    (fp_line (start 1.6 -0.8) (end 1.6 0.8) (layer F.Fab) (width 0.1))
    (fp_line (start -1.6 -0.8) (end 1.6 -0.8) (layer F.Fab) (width 0.1))
    (fp_line (start 1 -1.02) (end -1 -1.02) (layer F.SilkS) (width 0.12))
    (fp_line (start -1 1.02) (end 1 1.02) (layer F.SilkS) (width 0.12))
    (fp_line (start -2.25 -1.05) (end 2.25 -1.05) (layer F.CrtYd) (width 0.05))
    (fp_line (start -2.25 -1.05) (end -2.25 1.05) (layer F.CrtYd) (width 0.05))
    (fp_line (start 2.25 1.05) (end 2.25 -1.05) (layer F.CrtYd) (width 0.05))
    (fp_line (start 2.25 1.05) (end -2.25 1.05) (layer F.CrtYd) (width 0.05))
    (pad 1 smd rect (at -1.5 0 60) (size 1 1.6) (layers F.Cu F.Paste F.Mask)
      (net 97 "Net-(R201-Pad1)"))
    (pad 2 smd rect (at 1.5 0 60) (size 1 1.6) (layers F.Cu F.Paste F.Mask)
      (net 98 "Net-(R201-Pad2)"))
    (model ${KISYS3DMOD}/Resistor_SMD.3dshapes/R_1206_3216Metric.wrl
      (at (xyz 0 0 0))
      (scale (xyz 1 1 1))
      (rotate (xyz 0 0 0))
    )
  )

  (module Passives:R1206M (layer F.Cu) (tedit 5A956603) (tstamp 5C6976E7)
    (at 60.060001 59.130001)
    (descr "Capacitor SMD 1206, reflow soldering, AVX (see smccp.pdf)")
    (tags "capacitor 1206")
    (path /5C66F723/5C66F921)
    (attr smd)
    (fp_text reference R308 (at 0 -1.75) (layer F.SilkS)
      (effects (font (size 1 1) (thickness 0.15)))
    )
    (fp_text value 1k (at 0 2) (layer F.Fab) hide
      (effects (font (size 1 1) (thickness 0.15)))
    )
    (fp_line (start 2.25 1.05) (end -2.25 1.05) (layer F.CrtYd) (width 0.05))
    (fp_line (start 2.25 1.05) (end 2.25 -1.05) (layer F.CrtYd) (width 0.05))
    (fp_line (start -2.25 -1.05) (end -2.25 1.05) (layer F.CrtYd) (width 0.05))
    (fp_line (start -2.25 -1.05) (end 2.25 -1.05) (layer F.CrtYd) (width 0.05))
    (fp_line (start -1 1.02) (end 1 1.02) (layer F.SilkS) (width 0.12))
    (fp_line (start 1 -1.02) (end -1 -1.02) (layer F.SilkS) (width 0.12))
    (fp_line (start -1.6 -0.8) (end 1.6 -0.8) (layer F.Fab) (width 0.1))
    (fp_line (start 1.6 -0.8) (end 1.6 0.8) (layer F.Fab) (width 0.1))
    (fp_line (start 1.6 0.8) (end -1.6 0.8) (layer F.Fab) (width 0.1))
    (fp_line (start -1.6 0.8) (end -1.6 -0.8) (layer F.Fab) (width 0.1))
    (fp_text user %R (at 0 0) (layer F.Fab)
      (effects (font (size 0.5 0.5) (thickness 0.07)))
    )
    (pad 2 smd rect (at 1.5 0) (size 1 1.6) (layers F.Cu F.Paste F.Mask)
      (net 95 "Net-(R308-Pad2)"))
    (pad 1 smd rect (at -1.5 0) (size 1 1.6) (layers F.Cu F.Paste F.Mask)
      (net 96 "Net-(R308-Pad1)"))
    (model ${KISYS3DMOD}/Resistor_SMD.3dshapes/R_1206_3216Metric.wrl
      (at (xyz 0 0 0))
      (scale (xyz 1 1 1))
      (rotate (xyz 0 0 0))
    )
  )

  (module Passives:R1206M (layer F.Cu) (tedit 5A956603) (tstamp 5C6976D6)
    (at 60.060001 61.290001)
    (descr "Capacitor SMD 1206, reflow soldering, AVX (see smccp.pdf)")
    (tags "capacitor 1206")
    (path /5C66F723/5C66F8FB)
    (attr smd)
    (fp_text reference R307 (at 0 -1.75) (layer F.SilkS)
      (effects (font (size 1 1) (thickness 0.15)))
    )
    (fp_text value 1k (at 0 2) (layer F.Fab) hide
      (effects (font (size 1 1) (thickness 0.15)))
    )
    (fp_text user %R (at 0 0) (layer F.Fab)
      (effects (font (size 0.5 0.5) (thickness 0.07)))
    )
    (fp_line (start -1.6 0.8) (end -1.6 -0.8) (layer F.Fab) (width 0.1))
    (fp_line (start 1.6 0.8) (end -1.6 0.8) (layer F.Fab) (width 0.1))
    (fp_line (start 1.6 -0.8) (end 1.6 0.8) (layer F.Fab) (width 0.1))
    (fp_line (start -1.6 -0.8) (end 1.6 -0.8) (layer F.Fab) (width 0.1))
    (fp_line (start 1 -1.02) (end -1 -1.02) (layer F.SilkS) (width 0.12))
    (fp_line (start -1 1.02) (end 1 1.02) (layer F.SilkS) (width 0.12))
