(kicad_pcb (version 20171130) (host pcbnew "(5.1.6)-1")

  (general
    (thickness 1.6)
    (drawings 32)
    (tracks 213)
    (zones 0)
    (modules 72)
    (nets 92)
  )

  (page A4)
  (layers
    (0 F.Cu signal)
    (31 B.Cu signal)
    (32 B.Adhes user)
    (33 F.Adhes user)
    (34 B.Paste user)
    (35 F.Paste user)
    (36 B.SilkS user)
    (37 F.SilkS user)
    (38 B.Mask user)
    (39 F.Mask user)
    (40 Dwgs.User user)
    (41 Cmts.User user)
    (42 Eco1.User user)
    (43 Eco2.User user)
    (44 Edge.Cuts user)
    (45 Margin user)
    (46 B.CrtYd user)
    (47 F.CrtYd user)
    (48 B.Fab user)
    (49 F.Fab user)
  )

  (setup
    (last_trace_width 0.25)
    (user_trace_width 0.4)
    (user_trace_width 0.5)
    (user_trace_width 1)
    (user_trace_width 2)
    (trace_clearance 0.2)
    (zone_clearance 0.508)
    (zone_45_only no)
    (trace_min 0.2)
    (via_size 0.8)
    (via_drill 0.4)
    (via_min_size 0.6)
    (via_min_drill 0.3)
    (user_via 0.6 0.3)
    (user_via 1 0.5)
    (uvia_size 0.3)
    (uvia_drill 0.1)
    (uvias_allowed no)
    (uvia_min_size 0.2)
    (uvia_min_drill 0.1)
    (edge_width 0.15)
    (segment_width 0.2)
    (pcb_text_width 0.3)
    (pcb_text_size 1.5 1.5)
    (mod_edge_width 0.15)
    (mod_text_size 1 1)
    (mod_text_width 0.15)
    (pad_size 1.524 1.524)
    (pad_drill 0.762)
    (pad_to_mask_clearance 0.2)
    (solder_mask_min_width 0.25)
    (aux_axis_origin 0 0)
    (visible_elements 7FFFFF7F)
    (pcbplotparams
      (layerselection 0x010fc_ffffffff)
      (usegerberextensions false)
      (usegerberattributes false)
      (usegerberadvancedattributes false)
      (creategerberjobfile false)
      (excludeedgelayer true)
      (linewidth 0.100000)
      (plotframeref false)
      (viasonmask false)
      (mode 1)
      (useauxorigin false)
      (hpglpennumber 1)
      (hpglpenspeed 20)
      (hpglpendiameter 15.000000)
      (psnegative false)
      (psa4output false)
      (plotreference true)
      (plotvalue true)
      (plotinvisibletext false)
      (padsonsilk false)
      (subtractmaskfromsilk false)
      (outputformat 1)
      (mirror false)
      (drillshape 1)
      (scaleselection 1)
      (outputdirectory ""))
  )

  (net 0 "")
  (net 1 +15V)
  (net 2 "Net-(C302-Pad1)")
  (net 3 /Leg1/Sensor/IN)
  (net 4 +3V3)
  (net 5 /Leg2/Sensor/IN)
  (net 6 /Leg3/Sensor/IN)
  (net 7 "Net-(C902-Pad1)")
  (net 8 /Leg1/Sensor/OUT)
  (net 9 /Leg2/Sensor/OUT)
  (net 10 /Leg3/Sensor/OUT)
  (net 11 +VDC)
  (net 12 "Net-(Q301-Pad1)")
  (net 13 "Net-(Q302-Pad1)")
  (net 14 -VDC)
  (net 15 "Net-(Q901-Pad1)")
  (net 16 "Net-(Q902-Pad1)")
  (net 17 "Net-(R301-Pad1)")
  (net 18 "Net-(R302-Pad1)")
  (net 19 "Net-(R401-Pad2)")
  (net 20 "Net-(R401-Pad3)")
  (net 21 "Net-(R901-Pad1)")
  (net 22 "Net-(R902-Pad1)")
  (net 23 "Net-(U101-Pad1)")
  (net 24 "Net-(U101-Pad3)")
  (net 25 /Leg2/QH)
  (net 26 /Leg2/QL)
  (net 27 /Leg3/QH)
  (net 28 /Leg3/QL)
  (net 29 "Net-(U101-Pad11)")
  (net 30 "Net-(U101-Pad13)")
  (net 31 "Net-(U101-Pad14)")
  (net 32 "Net-(U101-Pad15)")
  (net 33 "Net-(U101-Pad16)")
  (net 34 "Net-(U101-Pad17)")
  (net 35 "Net-(U101-Pad18)")
  (net 36 /Leg3/Current)
  (net 37 /Leg2/Current)
  (net 38 /Leg1/Current)
  (net 39 "Net-(U101-Pad24)")
  (net 40 "Net-(U101-Pad25)")
  (net 41 "Net-(U101-Pad26)")
  (net 42 "Net-(U101-Pad27)")
  (net 43 "Net-(U101-Pad28)")
  (net 44 "Net-(U101-Pad29)")
  (net 45 "Net-(U101-Pad30)")
  (net 46 "Net-(U101-Pad31)")
  (net 47 "Net-(U101-Pad32)")
  (net 48 "Net-(U101-Pad33)")
  (net 49 "Net-(U101-Pad34)")
  (net 50 "Net-(U101-Pad35)")
  (net 51 /Leg1/QL)
  (net 52 /Leg1/QH)
  (net 53 "Net-(U101-Pad38)")
  (net 54 "Net-(U401-Pad1)")
  (net 55 "Net-(C502-Pad1)")
  (net 56 /Leg1/Power-/OUT)
  (net 57 "Net-(C702-Pad1)")
  (net 58 /Leg2/Power-/OUT)
  (net 59 "Net-(C1102-Pad1)")
  (net 60 /Leg3/Power-/OUT)
  (net 61 "Net-(C1302-Pad1)")
  (net 62 "Net-(Q501-Pad1)")
  (net 63 "Net-(Q502-Pad1)")
  (net 64 "Net-(Q701-Pad1)")
  (net 65 "Net-(Q702-Pad1)")
  (net 66 "Net-(Q1101-Pad1)")
  (net 67 "Net-(Q1102-Pad1)")
  (net 68 "Net-(Q1301-Pad1)")
  (net 69 "Net-(Q1302-Pad1)")
  (net 70 "Net-(R501-Pad1)")
  (net 71 "Net-(R502-Pad1)")
  (net 72 "Net-(R701-Pad1)")
  (net 73 "Net-(R702-Pad1)")
  (net 74 "Net-(R801-Pad3)")
  (net 75 "Net-(R801-Pad2)")
  (net 76 "Net-(R1101-Pad1)")
  (net 77 "Net-(R1102-Pad1)")
  (net 78 "Net-(R1201-Pad2)")
  (net 79 "Net-(R1201-Pad3)")
  (net 80 "Net-(R1301-Pad1)")
  (net 81 "Net-(R1302-Pad1)")
  (net 82 "Net-(U801-Pad1)")
  (net 83 "Net-(U1201-Pad1)")
  (net 84 /Power_extra/OUT)
  (net 85 "Net-(C1402-Pad1)")
  (net 86 "Net-(Q1401-Pad1)")
  (net 87 "Net-(Q1402-Pad1)")
  (net 88 "Net-(R1401-Pad1)")
  (net 89 "Net-(R1402-Pad1)")
  (net 90 /Power_extra/QH)
  (net 91 /Power_extra/Ql)

  (net_class Default "This is the default net class."
    (clearance 0.2)
    (trace_width 0.25)
    (via_dia 0.8)
    (via_drill 0.4)
    (uvia_dia 0.3)
    (uvia_drill 0.1)
    (add_net +15V)
    (add_net +3V3)
    (add_net +VDC)
    (add_net -VDC)
    (add_net /Leg1/Current)
    (add_net /Leg1/Power-/OUT)
    (add_net /Leg1/QH)
    (add_net /Leg1/QL)
    (add_net /Leg1/Sensor/IN)
    (add_net /Leg1/Sensor/OUT)
    (add_net /Leg2/Current)
    (add_net /Leg2/Power-/OUT)
    (add_net /Leg2/QH)
    (add_net /Leg2/QL)
    (add_net /Leg2/Sensor/IN)
    (add_net /Leg2/Sensor/OUT)
    (add_net /Leg3/Current)
    (add_net /Leg3/Power-/OUT)
    (add_net /Leg3/QH)
    (add_net /Leg3/QL)
    (add_net /Leg3/Sensor/IN)
    (add_net /Leg3/Sensor/OUT)
    (add_net /Power_extra/OUT)
    (add_net /Power_extra/QH)
    (add_net /Power_extra/Ql)
    (add_net "Net-(C1102-Pad1)")
    (add_net "Net-(C1302-Pad1)")
    (add_net "Net-(C1402-Pad1)")
    (add_net "Net-(C302-Pad1)")
    (add_net "Net-(C502-Pad1)")
    (add_net "Net-(C702-Pad1)")
    (add_net "Net-(C902-Pad1)")
    (add_net "Net-(Q1101-Pad1)")
    (add_net "Net-(Q1102-Pad1)")
    (add_net "Net-(Q1301-Pad1)")
    (add_net "Net-(Q1302-Pad1)")
    (add_net "Net-(Q1401-Pad1)")
    (add_net "Net-(Q1402-Pad1)")
    (add_net "Net-(Q301-Pad1)")
    (add_net "Net-(Q302-Pad1)")
    (add_net "Net-(Q501-Pad1)")
    (add_net "Net-(Q502-Pad1)")
    (add_net "Net-(Q701-Pad1)")
    (add_net "Net-(Q702-Pad1)")
    (add_net "Net-(Q901-Pad1)")
    (add_net "Net-(Q902-Pad1)")
    (add_net "Net-(R1101-Pad1)")
    (add_net "Net-(R1102-Pad1)")
    (add_net "Net-(R1201-Pad2)")
    (add_net "Net-(R1201-Pad3)")
    (add_net "Net-(R1301-Pad1)")
    (add_net "Net-(R1302-Pad1)")
    (add_net "Net-(R1401-Pad1)")
    (add_net "Net-(R1402-Pad1)")
    (add_net "Net-(R301-Pad1)")
    (add_net "Net-(R302-Pad1)")
    (add_net "Net-(R401-Pad2)")
    (add_net "Net-(R401-Pad3)")
    (add_net "Net-(R501-Pad1)")
    (add_net "Net-(R502-Pad1)")
    (add_net "Net-(R701-Pad1)")
    (add_net "Net-(R702-Pad1)")
    (add_net "Net-(R801-Pad2)")
    (add_net "Net-(R801-Pad3)")
    (add_net "Net-(R901-Pad1)")
    (add_net "Net-(R902-Pad1)")
    (add_net "Net-(U101-Pad1)")
    (add_net "Net-(U101-Pad11)")
    (add_net "Net-(U101-Pad13)")
    (add_net "Net-(U101-Pad14)")
    (add_net "Net-(U101-Pad15)")
    (add_net "Net-(U101-Pad16)")
    (add_net "Net-(U101-Pad17)")
    (add_net "Net-(U101-Pad18)")
    (add_net "Net-(U101-Pad24)")
    (add_net "Net-(U101-Pad25)")
    (add_net "Net-(U101-Pad26)")
    (add_net "Net-(U101-Pad27)")
    (add_net "Net-(U101-Pad28)")
    (add_net "Net-(U101-Pad29)")
    (add_net "Net-(U101-Pad3)")
    (add_net "Net-(U101-Pad30)")
    (add_net "Net-(U101-Pad31)")
    (add_net "Net-(U101-Pad32)")
    (add_net "Net-(U101-Pad33)")
    (add_net "Net-(U101-Pad34)")
    (add_net "Net-(U101-Pad35)")
    (add_net "Net-(U101-Pad38)")
    (add_net "Net-(U1201-Pad1)")
    (add_net "Net-(U401-Pad1)")
    (add_net "Net-(U801-Pad1)")
  )

  (module Package_SO:SO8 (layer F.Cu) (tedit 5B768FC1) (tstamp 5C575B99)
    (at 189.865 47.625 90)
    (descr "8-Lead Plastic Small Outline (SN) - Narrow, 3.90 mm Body [SOIC] (see Microchip Packaging Specification 00000049BS.pdf)")
    (tags "SOIC 1.27")
    (path /5C575278/5B768171)
    (attr smd)
    (fp_text reference U1401 (at -3.175 4.445 180) (layer F.SilkS)
      (effects (font (size 1 1) (thickness 0.15)))
    )
    (fp_text value IR2181 (at 0 3.5 90) (layer F.Fab) hide
      (effects (font (size 1 1) (thickness 0.15)))
    )
    (fp_line (start -0.95 -2.45) (end 1.95 -2.45) (layer F.Fab) (width 0.1))
    (fp_line (start 1.95 -2.45) (end 1.95 2.45) (layer F.Fab) (width 0.1))
    (fp_line (start 1.95 2.45) (end -1.95 2.45) (layer F.Fab) (width 0.1))
    (fp_line (start -1.95 2.45) (end -1.95 -1.45) (layer F.Fab) (width 0.1))
    (fp_line (start -1.95 -1.45) (end -0.95 -2.45) (layer F.Fab) (width 0.1))
    (fp_line (start -3.73 -2.7) (end -3.73 2.7) (layer F.CrtYd) (width 0.05))
    (fp_line (start 3.73 -2.7) (end 3.73 2.7) (layer F.CrtYd) (width 0.05))
    (fp_line (start -3.73 -2.7) (end 3.73 -2.7) (layer F.CrtYd) (width 0.05))
    (fp_line (start -3.73 2.7) (end 3.73 2.7) (layer F.CrtYd) (width 0.05))
    (fp_line (start -2.075 -2.575) (end -2.075 -2.525) (layer F.SilkS) (width 0.15))
    (fp_line (start 2.075 -2.575) (end 2.075 -2.43) (layer F.SilkS) (width 0.15))
    (fp_line (start 2.075 2.575) (end 2.075 2.43) (layer F.SilkS) (width 0.15))
    (fp_line (start -2.075 2.575) (end -2.075 2.43) (layer F.SilkS) (width 0.15))
    (fp_line (start -2.075 -2.575) (end 2.075 -2.575) (layer F.SilkS) (width 0.15))
    (fp_line (start -2.075 2.575) (end 2.075 2.575) (layer F.SilkS) (width 0.15))
    (fp_line (start -2.075 -2.525) (end -3.475 -2.525) (layer F.SilkS) (width 0.15))
    (fp_text user %R (at 0 0 180) (layer F.Fab)
      (effects (font (size 1 1) (thickness 0.15)))
    )
    (pad 8 smd rect (at 2.7 -1.905 90) (size 1.55 0.6) (layers F.Cu F.Paste F.Mask)
      (net 85 "Net-(C1402-Pad1)"))
    (pad 7 smd rect (at 2.7 -0.635 90) (size 1.55 0.6) (layers F.Cu F.Paste F.Mask)
      (net 88 "Net-(R1401-Pad1)"))
    (pad 6 smd rect (at 2.7 0.635 90) (size 1.55 0.6) (layers F.Cu F.Paste F.Mask)
      (net 84 /Power_extra/OUT))
    (pad 5 smd rect (at 2.7 1.905 90) (size 1.55 0.6) (layers F.Cu F.Paste F.Mask)
      (net 1 +15V))
    (pad 4 smd rect (at -2.7 1.905 90) (size 1.55 0.6) (layers F.Cu F.Paste F.Mask)
      (net 89 "Net-(R1402-Pad1)"))
    (pad 3 smd rect (at -2.7 0.635 90) (size 1.55 0.6) (layers F.Cu F.Paste F.Mask)
      (net 14 -VDC))
    (pad 2 smd rect (at -2.7 -0.635 90) (size 1.55 0.6) (layers F.Cu F.Paste F.Mask)
      (net 91 /Power_extra/Ql))
    (pad 1 smd rect (at -2.7 -1.905 90) (size 1.55 0.6) (layers F.Cu F.Paste F.Mask)
      (net 90 /Power_extra/QH))
    (model ${KISYS3DMOD}/Package_SO.3dshapes/SOIC-8_3.9x4.9mm_P1.27mm.wrl
      (at (xyz 0 0 0))
      (scale (xyz 1 1 1))
      (rotate (xyz 0 0 0))
    )
  )

  (module Passives:R1206M (layer B.Cu) (tedit 5A956603) (tstamp 5C575914)
    (at 196.215 38.1 90)
    (descr "Capacitor SMD 1206, reflow soldering, AVX (see smccp.pdf)")
    (tags "capacitor 1206")
    (path /5C575278/5B7682C5)
    (attr smd)
    (fp_text reference R1402 (at 0 -3.175 180) (layer B.SilkS)
      (effects (font (size 1 1) (thickness 0.15)) (justify mirror))
    )
    (fp_text value 22R (at 0 -2 270) (layer B.Fab) hide
      (effects (font (size 1 1) (thickness 0.15)) (justify mirror))
    )
    (fp_line (start -1.6 -0.8) (end -1.6 0.8) (layer B.Fab) (width 0.1))
    (fp_line (start 1.6 -0.8) (end -1.6 -0.8) (layer B.Fab) (width 0.1))
    (fp_line (start 1.6 0.8) (end 1.6 -0.8) (layer B.Fab) (width 0.1))
    (fp_line (start -1.6 0.8) (end 1.6 0.8) (layer B.Fab) (width 0.1))
    (fp_line (start 1 1.02) (end -1 1.02) (layer B.SilkS) (width 0.12))
    (fp_line (start -1 -1.02) (end 1 -1.02) (layer B.SilkS) (width 0.12))
    (fp_line (start -2.25 1.05) (end 2.25 1.05) (layer B.CrtYd) (width 0.05))
    (fp_line (start -2.25 1.05) (end -2.25 -1.05) (layer B.CrtYd) (width 0.05))
    (fp_line (start 2.25 -1.05) (end 2.25 1.05) (layer B.CrtYd) (width 0.05))
    (fp_line (start 2.25 -1.05) (end -2.25 -1.05) (layer B.CrtYd) (width 0.05))
    (fp_text user %R (at 0 0 270) (layer B.Fab)
      (effects (font (size 0.5 0.5) (thickness 0.07)) (justify mirror))
    )
    (pad 2 smd rect (at 1.5 0 90) (size 1 1.6) (layers B.Cu B.Paste B.Mask)
      (net 87 "Net-(Q1402-Pad1)"))
    (pad 1 smd rect (at -1.5 0 90) (size 1 1.6) (layers B.Cu B.Paste B.Mask)
      (net 89 "Net-(R1402-Pad1)"))
    (model ${KISYS3DMOD}/Resistor_SMD.3dshapes/R_1206_3216Metric.wrl
      (at (xyz 0 0 0))
      (scale (xyz 1 1 1))
      (rotate (xyz 0 0 0))
    )
  )

  (module Passives:R1206M (layer F.Cu) (tedit 5A956603) (tstamp 5C575903)
    (at 185.42 38.1 90)
    (descr "Capacitor SMD 1206, reflow soldering, AVX (see smccp.pdf)")
    (tags "capacitor 1206")
    (path /5C575278/5B768234)
    (attr smd)
    (fp_text reference R1401 (at 0 3.175 180) (layer F.SilkS)
      (effects (font (size 1 1) (thickness 0.15)))
    )
    (fp_text value 22R (at 0 2 90) (layer F.Fab) hide
      (effects (font (size 1 1) (thickness 0.15)))
    )
    (fp_line (start -1.6 0.8) (end -1.6 -0.8) (layer F.Fab) (width 0.1))
    (fp_line (start 1.6 0.8) (end -1.6 0.8) (layer F.Fab) (width 0.1))
    (fp_line (start 1.6 -0.8) (end 1.6 0.8) (layer F.Fab) (width 0.1))
    (fp_line (start -1.6 -0.8) (end 1.6 -0.8) (layer F.Fab) (width 0.1))
    (fp_line (start 1 -1.02) (end -1 -1.02) (layer F.SilkS) (width 0.12))
    (fp_line (start -1 1.02) (end 1 1.02) (layer F.SilkS) (width 0.12))
    (fp_line (start -2.25 -1.05) (end 2.25 -1.05) (layer F.CrtYd) (width 0.05))
    (fp_line (start -2.25 -1.05) (end -2.25 1.05) (layer F.CrtYd) (width 0.05))
    (fp_line (start 2.25 1.05) (end 2.25 -1.05) (layer F.CrtYd) (width 0.05))
    (fp_line (start 2.25 1.05) (end -2.25 1.05) (layer F.CrtYd) (width 0.05))
    (fp_text user %R (at 0 0 90) (layer F.Fab)
      (effects (font (size 0.5 0.5) (thickness 0.07)))
    )
    (pad 2 smd rect (at 1.5 0 90) (size 1 1.6) (layers F.Cu F.Paste F.Mask)
      (net 86 "Net-(Q1401-Pad1)"))
    (pad 1 smd rect (at -1.5 0 90) (size 1 1.6) (layers F.Cu F.Paste F.Mask)
      (net 88 "Net-(R1401-Pad1)"))
    (model ${KISYS3DMOD}/Resistor_SMD.3dshapes/R_1206_3216Metric.wrl
      (at (xyz 0 0 0))
      (scale (xyz 1 1 1))
      (rotate (xyz 0 0 0))
    )
  )

  (module Discretes:TO-220 (layer F.Cu) (tedit 59E9DD4A) (tstamp 5C5756AC)
    (at 196.215 33.655)
    (descr "TO-220-3, Vertical, RM 2.54mm")
    (tags "TO-220-3 Vertical RM 2.54mm")
    (path /5C575278/5B768110)
    (fp_text reference Q1402 (at 2.54 -3.62) (layer F.SilkS)
      (effects (font (size 1 1) (thickness 0.15)))
    )
    (fp_text value CSD19531KCS (at 2.54 3.92) (layer F.Fab) hide
      (effects (font (size 1 1) (thickness 0.15)))
    )
    (fp_line (start -2.46 -2.5) (end -2.46 1.9) (layer F.Fab) (width 0.1))
    (fp_line (start -2.46 1.9) (end 7.54 1.9) (layer F.Fab) (width 0.1))
    (fp_line (start 7.54 1.9) (end 7.54 -2.5) (layer F.Fab) (width 0.1))
    (fp_line (start 7.54 -2.5) (end -2.46 -2.5) (layer F.Fab) (width 0.1))
    (fp_line (start -2.46 -1.23) (end 7.54 -1.23) (layer F.Fab) (width 0.1))
    (fp_line (start 0.69 -2.5) (end 0.69 -1.23) (layer F.Fab) (width 0.1))
    (fp_line (start 4.39 -2.5) (end 4.39 -1.23) (layer F.Fab) (width 0.1))
    (fp_line (start -2.58 -2.62) (end 7.66 -2.62) (layer F.SilkS) (width 0.12))
    (fp_line (start -2.58 2.021) (end 7.66 2.021) (layer F.SilkS) (width 0.12))
    (fp_line (start -2.58 -2.62) (end -2.58 2.021) (layer F.SilkS) (width 0.12))
    (fp_line (start 7.66 -2.62) (end 7.66 2.021) (layer F.SilkS) (width 0.12))
    (fp_line (start -2.58 -1.11) (end 7.66 -1.11) (layer F.SilkS) (width 0.12))
    (fp_line (start 0.69 -2.62) (end 0.69 -1.11) (layer F.SilkS) (width 0.12))
    (fp_line (start 4.391 -2.62) (end 4.391 -1.11) (layer F.SilkS) (width 0.12))
    (fp_line (start -2.71 -2.75) (end -2.71 2.16) (layer F.CrtYd) (width 0.05))
    (fp_line (start -2.71 2.16) (end 7.79 2.16) (layer F.CrtYd) (width 0.05))
    (fp_line (start 7.79 2.16) (end 7.79 -2.75) (layer F.CrtYd) (width 0.05))
    (fp_line (start 7.79 -2.75) (end -2.71 -2.75) (layer F.CrtYd) (width 0.05))
    (fp_text user %R (at 2.54 -3.62) (layer F.Fab)
      (effects (font (size 1 1) (thickness 0.15)))
    )
    (pad 3 thru_hole oval (at 5.08 0) (size 1.8 1.8) (drill 1) (layers *.Cu *.Mask)
      (net 14 -VDC))
    (pad 2 thru_hole oval (at 2.54 0) (size 1.8 1.8) (drill 1) (layers *.Cu *.Mask)
      (net 84 /Power_extra/OUT))
    (pad 1 thru_hole rect (at 0 0) (size 1.8 1.8) (drill 1) (layers *.Cu *.Mask)
      (net 87 "Net-(Q1402-Pad1)"))
    (model ${KISYS3DMOD}/Package_TO_SOT_THT.3dshapes/TO-220-3_Vertical.wrl
      (at (xyz 0 0 0))
      (scale (xyz 1 1 1))
      (rotate (xyz 0 0 0))
    )
  )

  (module Discretes:TO-220 (layer F.Cu) (tedit 59E9DD4A) (tstamp 5C575692)
    (at 185.42 33.655)
    (descr "TO-220-3, Vertical, RM 2.54mm")
    (tags "TO-220-3 Vertical RM 2.54mm")
    (path /5C575278/5B768070)
    (fp_text reference Q1401 (at 2.54 -3.62) (layer F.SilkS)
      (effects (font (size 1 1) (thickness 0.15)))
    )
    (fp_text value CSD19531KCS (at 2.54 3.92) (layer F.Fab) hide
      (effects (font (size 1 1) (thickness 0.15)))
    )
    (fp_line (start -2.46 -2.5) (end -2.46 1.9) (layer F.Fab) (width 0.1))
    (fp_line (start -2.46 1.9) (end 7.54 1.9) (layer F.Fab) (width 0.1))
    (fp_line (start 7.54 1.9) (end 7.54 -2.5) (layer F.Fab) (width 0.1))
    (fp_line (start 7.54 -2.5) (end -2.46 -2.5) (layer F.Fab) (width 0.1))
    (fp_line (start -2.46 -1.23) (end 7.54 -1.23) (layer F.Fab) (width 0.1))
    (fp_line (start 0.69 -2.5) (end 0.69 -1.23) (layer F.Fab) (width 0.1))
    (fp_line (start 4.39 -2.5) (end 4.39 -1.23) (layer F.Fab) (width 0.1))
    (fp_line (start -2.58 -2.62) (end 7.66 -2.62) (layer F.SilkS) (width 0.12))
    (fp_line (start -2.58 2.021) (end 7.66 2.021) (layer F.SilkS) (width 0.12))
    (fp_line (start -2.58 -2.62) (end -2.58 2.021) (layer F.SilkS) (width 0.12))
    (fp_line (start 7.66 -2.62) (end 7.66 2.021) (layer F.SilkS) (width 0.12))
    (fp_line (start -2.58 -1.11) (end 7.66 -1.11) (layer F.SilkS) (width 0.12))
    (fp_line (start 0.69 -2.62) (end 0.69 -1.11) (layer F.SilkS) (width 0.12))
    (fp_line (start 4.391 -2.62) (end 4.391 -1.11) (layer F.SilkS) (width 0.12))
    (fp_line (start -2.71 -2.75) (end -2.71 2.16) (layer F.CrtYd) (width 0.05))
    (fp_line (start -2.71 2.16) (end 7.79 2.16) (layer F.CrtYd) (width 0.05))
    (fp_line (start 7.79 2.16) (end 7.79 -2.75) (layer F.CrtYd) (width 0.05))
    (fp_line (start 7.79 -2.75) (end -2.71 -2.75) (layer F.CrtYd) (width 0.05))
    (fp_text user %R (at 2.54 -3.62) (layer F.Fab)
      (effects (font (size 1 1) (thickness 0.15)))
    )
    (pad 3 thru_hole oval (at 5.08 0) (size 1.8 1.8) (drill 1) (layers *.Cu *.Mask)
      (net 84 /Power_extra/OUT))
    (pad 2 thru_hole oval (at 2.54 0) (size 1.8 1.8) (drill 1) (layers *.Cu *.Mask)
      (net 11 +VDC))
    (pad 1 thru_hole rect (at 0 0) (size 1.8 1.8) (drill 1) (layers *.Cu *.Mask)
      (net 86 "Net-(Q1401-Pad1)"))
    (model ${KISYS3DMOD}/Package_TO_SOT_THT.3dshapes/TO-220-3_Vertical.wrl
      (at (xyz 0 0 0))
      (scale (xyz 1 1 1))
      (rotate (xyz 0 0 0))
    )
  )

  (module Discretes:D_MiniMELF (layer F.Cu) (tedit 59F95434) (tstamp 5C5753CC)
    (at 185.42 47.625 270)
    (descr "Diode Mini-MELF")
    (tags "Diode Mini-MELF")
    (path /5C575278/5B76A6F5)
    (attr smd)
    (fp_text reference D1401 (at 0 3.175) (layer F.SilkS)
      (effects (font (size 1 1) (thickness 0.15)))
    )
    (fp_text value LL4148 (at 0 1.75 270) (layer F.Fab) hide
      (effects (font (size 1 1) (thickness 0.15)))
    )
    (fp_line (start 1.75 -1) (end -2.55 -1) (layer F.SilkS) (width 0.12))
    (fp_line (start -2.55 -1) (end -2.55 1) (layer F.SilkS) (width 0.12))
    (fp_line (start -2.55 1) (end 1.75 1) (layer F.SilkS) (width 0.12))
    (fp_line (start 1.65 -0.8) (end 1.65 0.8) (layer F.Fab) (width 0.1))
    (fp_line (start 1.65 0.8) (end -1.65 0.8) (layer F.Fab) (width 0.1))
    (fp_line (start -1.65 0.8) (end -1.65 -0.8) (layer F.Fab) (width 0.1))
    (fp_line (start -1.65 -0.8) (end 1.65 -0.8) (layer F.Fab) (width 0.1))
    (fp_line (start 0.25 0) (end 0.75 0) (layer F.Fab) (width 0.1))
    (fp_line (start 0.25 0.4) (end -0.35 0) (layer F.Fab) (width 0.1))
    (fp_line (start 0.25 -0.4) (end 0.25 0.4) (layer F.Fab) (width 0.1))
    (fp_line (start -0.35 0) (end 0.25 -0.4) (layer F.Fab) (width 0.1))
    (fp_line (start -0.35 0) (end -0.35 0.55) (layer F.Fab) (width 0.1))
    (fp_line (start -0.35 0) (end -0.35 -0.55) (layer F.Fab) (width 0.1))
    (fp_line (start -0.75 0) (end -0.35 0) (layer F.Fab) (width 0.1))
    (fp_line (start -2.65 -1.1) (end 2.65 -1.1) (layer F.CrtYd) (width 0.05))
    (fp_line (start 2.65 -1.1) (end 2.65 1.1) (layer F.CrtYd) (width 0.05))
    (fp_line (start 2.65 1.1) (end -2.65 1.1) (layer F.CrtYd) (width 0.05))
    (fp_line (start -2.65 1.1) (end -2.65 -1.1) (layer F.CrtYd) (width 0.05))
    (fp_text user %R (at 0 3.175) (layer F.Fab)
      (effects (font (size 1 1) (thickness 0.15)))
    )
    (pad 2 smd rect (at 1.75 0 270) (size 1.3 1.7) (layers F.Cu F.Paste F.Mask)
      (net 1 +15V))
    (pad 1 smd rect (at -1.75 0 270) (size 1.3 1.7) (layers F.Cu F.Paste F.Mask)
      (net 85 "Net-(C1402-Pad1)"))
    (model ${KISYS3DMOD}/Diode_SMD.3dshapes/D_MiniMELF.wrl
      (at (xyz 0 0 0))
      (scale (xyz 1 1 1))
      (rotate (xyz 0 0 0))
    )
  )

  (module Passives:C1206M (layer F.Cu) (tedit 5A956631) (tstamp 5C576045)
    (at 189.23 41.91)
    (descr "Capacitor SMD 1206, reflow soldering, AVX (see smccp.pdf)")
    (tags "capacitor 1206")
    (path /5C575278/5B7686C7)
    (attr smd)
    (fp_text reference C1402 (at 4.445 0) (layer F.SilkS)
      (effects (font (size 1 1) (thickness 0.15)))
    )
    (fp_text value 100n (at 0 2) (layer F.Fab) hide
      (effects (font (size 1 1) (thickness 0.15)))
    )
    (fp_line (start -1.6 0.8) (end -1.6 -0.8) (layer F.Fab) (width 0.1))
    (fp_line (start 1.6 0.8) (end -1.6 0.8) (layer F.Fab) (width 0.1))
    (fp_line (start 1.6 -0.8) (end 1.6 0.8) (layer F.Fab) (width 0.1))
    (fp_line (start -1.6 -0.8) (end 1.6 -0.8) (layer F.Fab) (width 0.1))
    (fp_line (start 1 -1.02) (end -1 -1.02) (layer F.SilkS) (width 0.12))
    (fp_line (start -1 1.02) (end 1 1.02) (layer F.SilkS) (width 0.12))
    (fp_line (start -2.25 -1.05) (end 2.25 -1.05) (layer F.CrtYd) (width 0.05))
    (fp_line (start -2.25 -1.05) (end -2.25 1.05) (layer F.CrtYd) (width 0.05))
    (fp_line (start 2.25 1.05) (end 2.25 -1.05) (layer F.CrtYd) (width 0.05))
    (fp_line (start 2.25 1.05) (end -2.25 1.05) (layer F.CrtYd) (width 0.05))
    (fp_text user %R (at 0 0) (layer F.Fab)
      (effects (font (size 0.5 0.5) (thickness 0.07)))
    )
    (pad 2 smd rect (at 1.5 0) (size 1 1.6) (layers F.Cu F.Paste F.Mask)
      (net 84 /Power_extra/OUT))
    (pad 1 smd rect (at -1.5 0) (size 1 1.6) (layers F.Cu F.Paste F.Mask)
      (net 85 "Net-(C1402-Pad1)"))
    (model ${KISYS3DMOD}/Capacitor_SMD.3dshapes/C_1206_3216Metric.wrl
      (at (xyz 0 0 0))
      (scale (xyz 1 1 1))
      (rotate (xyz 0 0 0))
    )
  )

  (module Passives:C1206M (layer F.Cu) (tedit 5A956631) (tstamp 5C575282)
    (at 188.595 53.34)
    (descr "Capacitor SMD 1206, reflow soldering, AVX (see smccp.pdf)")
    (tags "capacitor 1206")
    (path /5C575278/5B7685DA)
    (attr smd)
    (fp_text reference C1401 (at 4.445 0) (layer F.SilkS)
      (effects (font (size 1 1) (thickness 0.15)))
    )
    (fp_text value 100n (at 0 2) (layer F.Fab) hide
      (effects (font (size 1 1) (thickness 0.15)))
    )
    (fp_line (start -1.6 0.8) (end -1.6 -0.8) (layer F.Fab) (width 0.1))
    (fp_line (start 1.6 0.8) (end -1.6 0.8) (layer F.Fab) (width 0.1))
    (fp_line (start 1.6 -0.8) (end 1.6 0.8) (layer F.Fab) (width 0.1))
    (fp_line (start -1.6 -0.8) (end 1.6 -0.8) (layer F.Fab) (width 0.1))
    (fp_line (start 1 -1.02) (end -1 -1.02) (layer F.SilkS) (width 0.12))
    (fp_line (start -1 1.02) (end 1 1.02) (layer F.SilkS) (width 0.12))
    (fp_line (start -2.25 -1.05) (end 2.25 -1.05) (layer F.CrtYd) (width 0.05))
    (fp_line (start -2.25 -1.05) (end -2.25 1.05) (layer F.CrtYd) (width 0.05))
    (fp_line (start 2.25 1.05) (end 2.25 -1.05) (layer F.CrtYd) (width 0.05))
    (fp_line (start 2.25 1.05) (end -2.25 1.05) (layer F.CrtYd) (width 0.05))
    (fp_text user %R (at 0 0) (layer F.Fab)
      (effects (font (size 0.5 0.5) (thickness 0.07)))
    )
    (pad 2 smd rect (at 1.5 0) (size 1 1.6) (layers F.Cu F.Paste F.Mask)
      (net 14 -VDC))
    (pad 1 smd rect (at -1.5 0) (size 1 1.6) (layers F.Cu F.Paste F.Mask)
      (net 1 +15V))
    (model ${KISYS3DMOD}/Capacitor_SMD.3dshapes/C_1206_3216Metric.wrl
      (at (xyz 0 0 0))
      (scale (xyz 1 1 1))
      (rotate (xyz 0 0 0))
    )
  )

  (module Passives:C1206M (layer F.Cu) (tedit 5A956631) (tstamp 5B77579B)
    (at 88.9 73.025)
    (descr "Capacitor SMD 1206, reflow soldering, AVX (see smccp.pdf)")
    (tags "capacitor 1206")
    (path /5B767FE4/5B767FF2/5B7685DA)
    (attr smd)
    (fp_text reference C301 (at 4.445 0) (layer F.SilkS)
      (effects (font (size 1 1) (thickness 0.15)))
    )
    (fp_text value 100n (at 0 2) (layer F.Fab) hide
      (effects (font (size 1 1) (thickness 0.15)))
    )
    (fp_line (start -1.6 0.8) (end -1.6 -0.8) (layer F.Fab) (width 0.1))
    (fp_line (start 1.6 0.8) (end -1.6 0.8) (layer F.Fab) (width 0.1))
    (fp_line (start 1.6 -0.8) (end 1.6 0.8) (layer F.Fab) (width 0.1))
    (fp_line (start -1.6 -0.8) (end 1.6 -0.8) (layer F.Fab) (width 0.1))
    (fp_line (start 1 -1.02) (end -1 -1.02) (layer F.SilkS) (width 0.12))
    (fp_line (start -1 1.02) (end 1 1.02) (layer F.SilkS) (width 0.12))
    (fp_line (start -2.25 -1.05) (end 2.25 -1.05) (layer F.CrtYd) (width 0.05))
    (fp_line (start -2.25 -1.05) (end -2.25 1.05) (layer F.CrtYd) (width 0.05))
    (fp_line (start 2.25 1.05) (end 2.25 -1.05) (layer F.CrtYd) (width 0.05))
    (fp_line (start 2.25 1.05) (end -2.25 1.05) (layer F.CrtYd) (width 0.05))
    (fp_text user %R (at 0 0) (layer F.Fab)
      (effects (font (size 0.5 0.5) (thickness 0.07)))
    )
    (pad 2 smd rect (at 1.5 0) (size 1 1.6) (layers F.Cu F.Paste F.Mask)
      (net 14 -VDC))
    (pad 1 smd rect (at -1.5 0) (size 1 1.6) (layers F.Cu F.Paste F.Mask)
      (net 1 +15V))
    (model ${KISYS3DMOD}/Capacitor_SMD.3dshapes/C_1206_3216Metric.wrl
      (at (xyz 0 0 0))
      (scale (xyz 1 1 1))
      (rotate (xyz 0 0 0))
    )
  )

  (module Passives:C1206M (layer F.Cu) (tedit 5A956631) (tstamp 5B773F7E)
    (at 89.535 61.595)
    (descr "Capacitor SMD 1206, reflow soldering, AVX (see smccp.pdf)")
    (tags "capacitor 1206")
    (path /5B767FE4/5B767FF2/5B7686C7)
    (attr smd)
    (fp_text reference C302 (at 4.445 0) (layer F.SilkS)
      (effects (font (size 1 1) (thickness 0.15)))
    )
    (fp_text value 100n (at 0 2) (layer F.Fab) hide
      (effects (font (size 1 1) (thickness 0.15)))
    )
    (fp_line (start 2.25 1.05) (end -2.25 1.05) (layer F.CrtYd) (width 0.05))
    (fp_line (start 2.25 1.05) (end 2.25 -1.05) (layer F.CrtYd) (width 0.05))
    (fp_line (start -2.25 -1.05) (end -2.25 1.05) (layer F.CrtYd) (width 0.05))
    (fp_line (start -2.25 -1.05) (end 2.25 -1.05) (layer F.CrtYd) (width 0.05))
    (fp_line (start -1 1.02) (end 1 1.02) (layer F.SilkS) (width 0.12))
    (fp_line (start 1 -1.02) (end -1 -1.02) (layer F.SilkS) (width 0.12))
    (fp_line (start -1.6 -0.8) (end 1.6 -0.8) (layer F.Fab) (width 0.1))
    (fp_line (start 1.6 -0.8) (end 1.6 0.8) (layer F.Fab) (width 0.1))
    (fp_line (start 1.6 0.8) (end -1.6 0.8) (layer F.Fab) (width 0.1))
    (fp_line (start -1.6 0.8) (end -1.6 -0.8) (layer F.Fab) (width 0.1))
    (fp_text user %R (at 0 0) (layer F.Fab)
      (effects (font (size 0.5 0.5) (thickness 0.07)))
    )
    (pad 1 smd rect (at -1.5 0) (size 1 1.6) (layers F.Cu F.Paste F.Mask)
      (net 2 "Net-(C302-Pad1)"))
    (pad 2 smd rect (at 1.5 0) (size 1 1.6) (layers F.Cu F.Paste F.Mask)
      (net 3 /Leg1/Sensor/IN))
    (model ${KISYS3DMOD}/Capacitor_SMD.3dshapes/C_1206_3216Metric.wrl
      (at (xyz 0 0 0))
      (scale (xyz 1 1 1))
      (rotate (xyz 0 0 0))
    )
  )

  (module Passives:C1206M (layer F.Cu) (tedit 5A956631) (tstamp 5B773F8F)
    (at 83.82 39.37)
    (descr "Capacitor SMD 1206, reflow soldering, AVX (see smccp.pdf)")
    (tags "capacitor 1206")
    (path /5B767FE4/5B767FF5/5B76C4AF)
    (attr smd)
    (fp_text reference C401 (at 0 -1.75) (layer F.SilkS)
      (effects (font (size 1 1) (thickness 0.15)))
    )
    (fp_text value C1206 (at 0 2) (layer F.Fab) hide
      (effects (font (size 1 1) (thickness 0.15)))
    )
    (fp_line (start 2.25 1.05) (end -2.25 1.05) (layer F.CrtYd) (width 0.05))
    (fp_line (start 2.25 1.05) (end 2.25 -1.05) (layer F.CrtYd) (width 0.05))
    (fp_line (start -2.25 -1.05) (end -2.25 1.05) (layer F.CrtYd) (width 0.05))
    (fp_line (start -2.25 -1.05) (end 2.25 -1.05) (layer F.CrtYd) (width 0.05))
    (fp_line (start -1 1.02) (end 1 1.02) (layer F.SilkS) (width 0.12))
    (fp_line (start 1 -1.02) (end -1 -1.02) (layer F.SilkS) (width 0.12))
    (fp_line (start -1.6 -0.8) (end 1.6 -0.8) (layer F.Fab) (width 0.1))
    (fp_line (start 1.6 -0.8) (end 1.6 0.8) (layer F.Fab) (width 0.1))
    (fp_line (start 1.6 0.8) (end -1.6 0.8) (layer F.Fab) (width 0.1))
    (fp_line (start -1.6 0.8) (end -1.6 -0.8) (layer F.Fab) (width 0.1))
    (fp_text user %R (at 0 0) (layer F.Fab)
      (effects (font (size 0.5 0.5) (thickness 0.07)))
    )
    (pad 1 smd rect (at -1.5 0) (size 1 1.6) (layers F.Cu F.Paste F.Mask)
      (net 4 +3V3))
    (pad 2 smd rect (at 1.5 0) (size 1 1.6) (layers F.Cu F.Paste F.Mask)
      (net 14 -VDC))
    (model ${KISYS3DMOD}/Capacitor_SMD.3dshapes/C_1206_3216Metric.wrl
      (at (xyz 0 0 0))
      (scale (xyz 1 1 1))
      (rotate (xyz 0 0 0))
    )
  )

  (module Passives:C1206M (layer F.Cu) (tedit 5A956631) (tstamp 5B773FA0)
    (at 110.49 73.025)
    (descr "Capacitor SMD 1206, reflow soldering, AVX (see smccp.pdf)")
    (tags "capacitor 1206")
    (path /5B767FE4/5B772791/5B7685DA)
    (attr smd)
    (fp_text reference C501 (at 4.445 0) (layer F.SilkS)
      (effects (font (size 1 1) (thickness 0.15)))
    )
    (fp_text value 100n (at 0 2) (layer F.Fab) hide
      (effects (font (size 1 1) (thickness 0.15)))
    )
    (fp_line (start -1.6 0.8) (end -1.6 -0.8) (layer F.Fab) (width 0.1))
    (fp_line (start 1.6 0.8) (end -1.6 0.8) (layer F.Fab) (width 0.1))
    (fp_line (start 1.6 -0.8) (end 1.6 0.8) (layer F.Fab) (width 0.1))
    (fp_line (start -1.6 -0.8) (end 1.6 -0.8) (layer F.Fab) (width 0.1))
    (fp_line (start 1 -1.02) (end -1 -1.02) (layer F.SilkS) (width 0.12))
    (fp_line (start -1 1.02) (end 1 1.02) (layer F.SilkS) (width 0.12))
    (fp_line (start -2.25 -1.05) (end 2.25 -1.05) (layer F.CrtYd) (width 0.05))
    (fp_line (start -2.25 -1.05) (end -2.25 1.05) (layer F.CrtYd) (width 0.05))
    (fp_line (start 2.25 1.05) (end 2.25 -1.05) (layer F.CrtYd) (width 0.05))
    (fp_line (start 2.25 1.05) (end -2.25 1.05) (layer F.CrtYd) (width 0.05))
    (fp_text user %R (at 0 0) (layer F.Fab)
      (effects (font (size 0.5 0.5) (thickness 0.07)))
    )
    (pad 2 smd rect (at 1.5 0) (size 1 1.6) (layers F.Cu F.Paste F.Mask)
      (net 14 -VDC))
    (pad 1 smd rect (at -1.5 0) (size 1 1.6) (layers F.Cu F.Paste F.Mask)
      (net 1 +15V))
    (model ${KISYS3DMOD}/Capacitor_SMD.3dshapes/C_1206_3216Metric.wrl
      (at (xyz 0 0 0))
      (scale (xyz 1 1 1))
      (rotate (xyz 0 0 0))
    )
  )

  (module Passives:C1206M (layer F.Cu) (tedit 5A956631) (tstamp 5B773FB1)
    (at 111.125 61.595)
    (descr "Capacitor SMD 1206, reflow soldering, AVX (see smccp.pdf)")
    (tags "capacitor 1206")
    (path /5B767FE4/5B772791/5B7686C7)
    (attr smd)
    (fp_text reference C502 (at 4.445 0) (layer F.SilkS)
      (effects (font (size 1 1) (thickness 0.15)))
    )
    (fp_text value 100n (at 0 2) (layer F.Fab) hide
      (effects (font (size 1 1) (thickness 0.15)))
    )
    (fp_line (start 2.25 1.05) (end -2.25 1.05) (layer F.CrtYd) (width 0.05))
    (fp_line (start 2.25 1.05) (end 2.25 -1.05) (layer F.CrtYd) (width 0.05))
    (fp_line (start -2.25 -1.05) (end -2.25 1.05) (layer F.CrtYd) (width 0.05))
    (fp_line (start -2.25 -1.05) (end 2.25 -1.05) (layer F.CrtYd) (width 0.05))
    (fp_line (start -1 1.02) (end 1 1.02) (layer F.SilkS) (width 0.12))
    (fp_line (start 1 -1.02) (end -1 -1.02) (layer F.SilkS) (width 0.12))
    (fp_line (start -1.6 -0.8) (end 1.6 -0.8) (layer F.Fab) (width 0.1))
    (fp_line (start 1.6 -0.8) (end 1.6 0.8) (layer F.Fab) (width 0.1))
    (fp_line (start 1.6 0.8) (end -1.6 0.8) (layer F.Fab) (width 0.1))
    (fp_line (start -1.6 0.8) (end -1.6 -0.8) (layer F.Fab) (width 0.1))
    (fp_text user %R (at 0 0) (layer F.Fab)
      (effects (font (size 0.5 0.5) (thickness 0.07)))
    )
    (pad 1 smd rect (at -1.5 0) (size 1 1.6) (layers F.Cu F.Paste F.Mask)
      (net 55 "Net-(C502-Pad1)"))
    (pad 2 smd rect (at 1.5 0) (size 1 1.6) (layers F.Cu F.Paste F.Mask)
      (net 56 /Leg1/Power-/OUT))
    (model ${KISYS3DMOD}/Capacitor_SMD.3dshapes/C_1206_3216Metric.wrl
      (at (xyz 0 0 0))
      (scale (xyz 1 1 1))
      (rotate (xyz 0 0 0))
    )
  )

  (module Passives:C1206M (layer F.Cu) (tedit 5A956631) (tstamp 5B773FC2)
    (at 236.580001 72.200001)
    (descr "Capacitor SMD 1206, reflow soldering, AVX (see smccp.pdf)")
    (tags "capacitor 1206")
    (path /5B76D023/5B767FF2/5B7685DA)
    (attr smd)
    (fp_text reference C701 (at 0 -1.75) (layer F.SilkS)
      (effects (font (size 1 1) (thickness 0.15)))
    )
    (fp_text value 100n (at 0 2) (layer F.Fab) hide
      (effects (font (size 1 1) (thickness 0.15)))
    )
    (fp_line (start 2.25 1.05) (end -2.25 1.05) (layer F.CrtYd) (width 0.05))
    (fp_line (start 2.25 1.05) (end 2.25 -1.05) (layer F.CrtYd) (width 0.05))
    (fp_line (start -2.25 -1.05) (end -2.25 1.05) (layer F.CrtYd) (width 0.05))
    (fp_line (start -2.25 -1.05) (end 2.25 -1.05) (layer F.CrtYd) (width 0.05))
    (fp_line (start -1 1.02) (end 1 1.02) (layer F.SilkS) (width 0.12))
    (fp_line (start 1 -1.02) (end -1 -1.02) (layer F.SilkS) (width 0.12))
    (fp_line (start -1.6 -0.8) (end 1.6 -0.8) (layer F.Fab) (width 0.1))
    (fp_line (start 1.6 -0.8) (end 1.6 0.8) (layer F.Fab) (width 0.1))
    (fp_line (start 1.6 0.8) (end -1.6 0.8) (layer F.Fab) (width 0.1))
    (fp_line (start -1.6 0.8) (end -1.6 -0.8) (layer F.Fab) (width 0.1))
    (fp_text user %R (at 0 0) (layer F.Fab)
      (effects (font (size 0.5 0.5) (thickness 0.07)))
    )
    (pad 1 smd rect (at -1.5 0) (size 1 1.6) (layers F.Cu F.Paste F.Mask)
      (net 1 +15V))
    (pad 2 smd rect (at 1.5 0) (size 1 1.6) (layers F.Cu F.Paste F.Mask)
      (net 14 -VDC))
    (model ${KISYS3DMOD}/Capacitor_SMD.3dshapes/C_1206_3216Metric.wrl
      (at (xyz 0 0 0))
      (scale (xyz 1 1 1))
      (rotate (xyz 0 0 0))
    )
  )

  (module Passives:C1206M (layer F.Cu) (tedit 5A956631) (tstamp 5B773FD3)
    (at 228.420001 82.120001)
    (descr "Capacitor SMD 1206, reflow soldering, AVX (see smccp.pdf)")
    (tags "capacitor 1206")
    (path /5B76D023/5B767FF2/5B7686C7)
    (attr smd)
    (fp_text reference C702 (at 0 -1.75) (layer F.SilkS)
      (effects (font (size 1 1) (thickness 0.15)))
    )
    (fp_text value 100n (at 0 2) (layer F.Fab) hide
      (effects (font (size 1 1) (thickness 0.15)))
    )
    (fp_line (start -1.6 0.8) (end -1.6 -0.8) (layer F.Fab) (width 0.1))
    (fp_line (start 1.6 0.8) (end -1.6 0.8) (layer F.Fab) (width 0.1))
    (fp_line (start 1.6 -0.8) (end 1.6 0.8) (layer F.Fab) (width 0.1))
    (fp_line (start -1.6 -0.8) (end 1.6 -0.8) (layer F.Fab) (width 0.1))
    (fp_line (start 1 -1.02) (end -1 -1.02) (layer F.SilkS) (width 0.12))
    (fp_line (start -1 1.02) (end 1 1.02) (layer F.SilkS) (width 0.12))
    (fp_line (start -2.25 -1.05) (end 2.25 -1.05) (layer F.CrtYd) (width 0.05))
    (fp_line (start -2.25 -1.05) (end -2.25 1.05) (layer F.CrtYd) (width 0.05))
    (fp_line (start 2.25 1.05) (end 2.25 -1.05) (layer F.CrtYd) (width 0.05))
    (fp_line (start 2.25 1.05) (end -2.25 1.05) (layer F.CrtYd) (width 0.05))
    (fp_text user %R (at 0 0) (layer F.Fab)
      (effects (font (size 0.5 0.5) (thickness 0.07)))
    )
    (pad 2 smd rect (at 1.5 0) (size 1 1.6) (layers F.Cu F.Paste F.Mask)
      (net 5 /Leg2/Sensor/IN))
    (pad 1 smd rect (at -1.5 0) (size 1 1.6) (layers F.Cu F.Paste F.Mask)
      (net 57 "Net-(C702-Pad1)"))
    (model ${KISYS3DMOD}/Capacitor_SMD.3dshapes/C_1206_3216Metric.wrl
      (at (xyz 0 0 0))
      (scale (xyz 1 1 1))
      (rotate (xyz 0 0 0))
    )
  )

  (module Passives:C1206M (layer F.Cu) (tedit 5A956631) (tstamp 5B773FE4)
    (at 250.730001 91.590001)
    (descr "Capacitor SMD 1206, reflow soldering, AVX (see smccp.pdf)")
    (tags "capacitor 1206")
    (path /5B76D023/5B767FF5/5B76C4AF)
    (attr smd)
    (fp_text reference C801 (at 0 -1.75) (layer F.SilkS)
      (effects (font (size 1 1) (thickness 0.15)))
    )
    (fp_text value C1206 (at 0 2) (layer F.Fab) hide
      (effects (font (size 1 1) (thickness 0.15)))
    )
    (fp_line (start 2.25 1.05) (end -2.25 1.05) (layer F.CrtYd) (width 0.05))
    (fp_line (start 2.25 1.05) (end 2.25 -1.05) (layer F.CrtYd) (width 0.05))
    (fp_line (start -2.25 -1.05) (end -2.25 1.05) (layer F.CrtYd) (width 0.05))
    (fp_line (start -2.25 -1.05) (end 2.25 -1.05) (layer F.CrtYd) (width 0.05))
    (fp_line (start -1 1.02) (end 1 1.02) (layer F.SilkS) (width 0.12))
    (fp_line (start 1 -1.02) (end -1 -1.02) (layer F.SilkS) (width 0.12))
    (fp_line (start -1.6 -0.8) (end 1.6 -0.8) (layer F.Fab) (width 0.1))
    (fp_line (start 1.6 -0.8) (end 1.6 0.8) (layer F.Fab) (width 0.1))
    (fp_line (start 1.6 0.8) (end -1.6 0.8) (layer F.Fab) (width 0.1))
    (fp_line (start -1.6 0.8) (end -1.6 -0.8) (layer F.Fab) (width 0.1))
    (fp_text user %R (at 0 0) (layer F.Fab)
      (effects (font (size 0.5 0.5) (thickness 0.07)))
    )
    (pad 1 smd rect (at -1.5 0) (size 1 1.6) (layers F.Cu F.Paste F.Mask)
      (net 4 +3V3))
    (pad 2 smd rect (at 1.5 0) (size 1 1.6) (layers F.Cu F.Paste F.Mask)
      (net 14 -VDC))
    (model ${KISYS3DMOD}/Capacitor_SMD.3dshapes/C_1206_3216Metric.wrl
      (at (xyz 0 0 0))
      (scale (xyz 1 1 1))
      (rotate (xyz 0 0 0))
    )
  )

  (module Passives:C1206M (layer F.Cu) (tedit 5A956631) (tstamp 5B773FF5)
    (at 164.754461 66.284332 45)
    (descr "Capacitor SMD 1206, reflow soldering, AVX (see smccp.pdf)")
    (tags "capacitor 1206")
    (path /5B76D023/5B772791/5B7685DA)
    (attr smd)
    (fp_text reference C901 (at 4.444999 0 45) (layer F.SilkS)
      (effects (font (size 1 1) (thickness 0.15)))
    )
    (fp_text value 100n (at -0.000001 2 45) (layer F.Fab) hide
      (effects (font (size 1 1) (thickness 0.15)))
    )
    (fp_line (start -1.6 0.8) (end -1.6 -0.8) (layer F.Fab) (width 0.1))
    (fp_line (start 1.6 0.8) (end -1.6 0.8) (layer F.Fab) (width 0.1))
    (fp_line (start 1.6 -0.8) (end 1.6 0.8) (layer F.Fab) (width 0.1))
    (fp_line (start -1.6 -0.8) (end 1.6 -0.8) (layer F.Fab) (width 0.1))
    (fp_line (start 1 -1.02) (end -1 -1.02) (layer F.SilkS) (width 0.12))
    (fp_line (start -1 1.02) (end 1 1.02) (layer F.SilkS) (width 0.12))
    (fp_line (start -2.25 -1.05) (end 2.25 -1.05) (layer F.CrtYd) (width 0.05))
    (fp_line (start -2.25 -1.05) (end -2.25 1.05) (layer F.CrtYd) (width 0.05))
    (fp_line (start 2.25 1.05) (end 2.25 -1.05) (layer F.CrtYd) (width 0.05))
    (fp_line (start 2.25 1.05) (end -2.25 1.05) (layer F.CrtYd) (width 0.05))
    (fp_text user %R (at 0 0 45) (layer F.Fab)
      (effects (font (size 0.5 0.5) (thickness 0.07)))
    )
    (pad 2 smd rect (at 1.5 0 45) (size 1 1.6) (layers F.Cu F.Paste F.Mask)
      (net 14 -VDC))
    (pad 1 smd rect (at -1.5 0 45) (size 1 1.6) (layers F.Cu F.Paste F.Mask)
      (net 1 +15V))
    (model ${KISYS3DMOD}/Capacitor_SMD.3dshapes/C_1206_3216Metric.wrl
      (at (xyz 0 0 0))
      (scale (xyz 1 1 1))
      (rotate (xyz 0 0 0))
    )
  )

